episode_index,steps,mean_reward_drift,mean_reward_progress,mean_reward_intrusion,mean_reward_proximity,sum_reward_drift,sum_reward_progress,sum_reward_intrusion,sum_reward_proximity,total_intrusions,terminated_intrusion,terminated_waypoint,truncated,finished_at
1,91,-0.039665413299834716,-0.0038116626756253213,-0.03296703296703297,-0.032294796428227045,-3.6095526102849593,-0.34686130348190425,-3.0,-2.938826474968661,1,True,False,False,1761307534.7259388
2,230,-0.038133030072303786,-0.0025538028123759863,0.0,0.0,-8.77059691662987,-0.5873746468464769,0.0,0.0,0,False,False,True,1761307536.2197468
3,27,-0.019296214227392503,0.010210613464600957,0.0,0.0,-0.5209977841395976,0.2756865635442258,0.0,0.0,0,True,False,False,1761307536.5803187
4,26,-0.023759738841416547,0.007559416378957509,-0.11538461538461539,-0.20650254852358405,-0.6177532098768302,0.19654482585289523,-3.0,-5.3690662616131855,1,True,False,False,1761307536.866359
5,1,-0.0029607355410992764,0.034311827934608075,0.0,0.0,-0.0029607355410992764,0.034311827934608075,0.0,0.0,0,True,False,False,1761307536.9213235
6,121,-0.019101633683186004,0.00875410266238798,0.0,-0.18636136655319804,-2.3112976756655064,1.0592464221489455,0.0,-22.549725352936964,0,True,False,False,1761307537.8778167
7,27,-0.008424034204632542,0.0919475278602442,0.0,0.0,-0.22744892352507862,2.4825832522265934,0.0,0.0,0,False,True,False,1761307538.1838279
8,91,-0.024190631018389874,0.0055990732045477064,0.0,-0.014286446662099448,-2.2013474226734786,0.5095156616138413,0.0,-1.3000666462510497,0,False,False,True,1761307606.3454409
9,42,-0.009014544832654436,0.01645822115402243,-0.07142857142857142,-0.08919678531842777,-0.3786108829714863,0.691245288468942,-3.0,-3.7462649833739663,1,True,False,False,1761307607.8915277
10,9,-0.010733893161057618,0.02032558356019191,-0.3333333333333333,-0.6150671833990553,-0.09660503844951857,0.1829302520417272,-3.0,-5.535604650591498,1,True,False,False,1761307607.9991698
11,111,-0.02127148029582649,0.008163543429412699,0.0,0.0,-2.3611343128367404,0.9061533206648096,0.0,0.0,0,False,False,True,1761307608.8995583
12,4,-0.008538746145187357,0.0262239687170146,0.0,0.0,-0.03415498458074943,0.1048958748680584,0.0,0.0,0,True,False,False,1761307609.9031413
13,49,-0.030318089277723462,0.0013981531912248177,-0.061224489795918366,-0.31497018666200727,-1.4855863746084497,0.06850950637001607,-3.0,-15.433539146438356,1,True,False,False,1761307610.4815423
14,97,-0.02282681374592882,0.026912048276642894,0.0,-0.23713546897282578,-2.2142009333550954,2.6104686828343606,0.0,-23.002140490364102,0,False,True,True,1761307671.734872
15,1,-0.0029422910989339137,0.03431387613302239,0.0,0.0,-0.0029422910989339137,0.03431387613302239,0.0,0.0,0,True,False,False,1761307672.0446603
16,13,-0.010016797738301806,0.018234982265682483,0.0,0.0,-0.1302183705979235,0.23705476945387227,0.0,0.0,0,True,False,False,1761307672.2065597
17,44,-0.01889300102473955,0.010750402854094544,0.0,-0.13642962005521062,-0.8312920450885402,0.47301772558016,0.0,-6.0029032824292665,0,False,False,True,1761307672.7296214
18,98,-0.009618095943707158,0.03552369823646347,0.0,0.0,-0.9425734024833015,3.4813224271734207,0.0,0.0,0,False,True,False,1761307674.117487
19,13,-0.008982434251497105,0.019393404025723794,0.0,0.0,-0.11677164526946238,0.2521142523344093,0.0,0.0,0,True,False,False,1761307674.5131106
20,20,-0.008506316853903833,0.018810649229224756,0.0,-0.028403134792943624,-0.17012633707807667,0.37621298458449515,0.0,-0.5680626958588725,0,True,False,False,1761307674.7312868
21,4,-0.0035832535560784556,0.028395646155001286,0.0,-0.8916501028555635,-0.014333014224313823,0.11358258462000514,0.0,-3.566600411422254,0,True,False,False,1761307674.7906606
22,90,-0.011945165138122627,0.015149240019618442,0.0,-0.13198136713138492,-1.0750648624310364,1.3634316017656598,0.0,-11.878323041824643,0,False,False,True,1761307675.6292932
23,78,-0.02021221120396362,0.032680923091503486,0.0,0.0,-1.5765524739091625,2.549112001137272,0.0,0.0,0,False,True,False,1761307747.5850847
24,1,-0.0029403151664651604,0.034314536087739045,0.0,0.0,-0.0029403151664651604,0.034314536087739045,0.0,0.0,0,True,False,False,1761307747.708587
25,130,-0.011984390213340204,0.029321228885230304,0.0,0.0,-1.5579707277342265,3.8117597550799394,0.0,0.0,0,False,True,False,1761307748.8802087
26,131,-0.016148230932788315,0.012195195639089489,0.0,0.0,-2.115418252195269,1.597570628720723,0.0,0.0,0,False,False,True,1761307749.9746788
27,9,-0.00475379116580208,0.24258264277142538,0.0,0.0,-0.04278412049221872,2.1832437849428286,0.0,0.0,0,False,True,False,1761307750.2446008
28,29,-0.008782769004445221,0.085800910105911,0.0,0.0,-0.2547003011289114,2.488226393071419,0.0,0.0,0,False,True,False,1761307751.5623946
29,15,-0.0031417150884702027,0.02031510744703806,-0.2,-0.35439434912685985,-0.047125726327053044,0.3047266117055709,-3.0,-5.315915236902898,1,True,False,False,1761307827.1679223
30,123,-0.011558486201090467,0.013990830093980514,0.0,-0.08432409177456802,-1.4216938027341275,1.7208721015596031,0.0,-10.371863288271866,0,False,False,True,1761307828.1763008
31,125,-0.019692357311081352,0.008467002762081876,0.0,0.0,-2.461544663885169,1.0583753452602345,0.0,0.0,0,False,False,True,1761307829.3614695
32,55,-0.015176412950813347,0.012905308265127707,0.0,0.0,-0.834702712294734,0.7097919545820239,0.0,0.0,0,False,False,True,1761307830.1283004
33,17,-0.006274998454747934,0.019884301687805795,0.0,0.0,-0.10667497373071488,0.3380331286926985,0.0,0.0,0,True,False,False,1761307830.546753
34,1,-0.0029050448038535617,0.03431914592804386,-3.0,0.0,-0.0029050448038535617,0.03431914592804386,-3.0,0.0,1,True,False,False,1761307830.5914652
35,65,-0.012822882433158198,0.014128454606602628,0.0,0.0,-0.8334873581552829,0.9183495494291708,0.0,0.0,0,False,False,True,1761307831.1178887
36,19,-0.006874992660073836,0.019391311696695585,0.0,0.0,-0.13062486054140288,0.36843492223721613,0.0,0.0,0,False,False,True,1761307831.6922462
37,8,-0.002163246449428684,0.023807146671530888,0.0,0.0,-0.017305971595429473,0.1904571733722471,0.0,0.0,0,True,False,False,1761307832.1270256
38,70,-0.007388474668250364,0.04577182956028779,0.0,0.0,-0.5171932267775254,3.2040280692201453,0.0,0.0,0,False,True,False,1761307913.7728512
39,35,-0.006780902509573572,0.01792582972744189,0.0,0.0,-0.23733158783507502,0.6274040404604662,0.0,0.0,0,True,False,False,1761307914.2430518
40,3,-0.002403197035602604,0.030598987666649997,-1.0,-0.3348149219692999,-0.007209591106807811,0.09179696299995,-3.0,-1.0044447659078997,1,True,False,False,1761307914.3003423
41,40,-0.012723914736335185,0.015332631801759339,-0.075,-0.16498245715308904,-0.5089565894534074,0.6133052720703736,-3.0,-6.599298286123561,1,True,False,False,1761307914.7709334
42,10,-0.005632840019980284,0.2195876611584766,0.0,0.0,-0.05632840019980284,2.195876611584766,0.0,0.0,0,False,True,False,1761307914.9310706
43,14,-0.00364494269322539,0.1628258563672529,0.0,0.0,-0.05102919770515546,2.279561989141541,0.0,0.0,0,False,True,False,1761307915.6547146
44,58,-0.00735046544508851,0.05147774758071775,0.0,0.0,-0.42632699581513356,2.9857093596816293,0.0,0.0,0,False,True,False,1761307916.7620816
45,1,-0.0028963478721760316,0.03431944003538723,0.0,0.0,-0.0028963478721760316,0.03431944003538723,0.0,0.0,0,True,False,False,1761307916.9613028
46,38,-0.011907994209621268,0.06623532485840808,0.0,-0.24689798074358213,-0.4525037799656082,2.516942344619507,0.0,-9.382123268256121,0,False,True,False,1761307917.3758407
47,15,-0.008106921759944765,0.019863703060100785,0.0,0.0,-0.12160382639917146,0.2979555459015118,0.0,0.0,0,True,False,False,1761307918.3066368
48,1,-0.002903711918479681,0.034319266078847166,-3.0,0.0,-0.002903711918479681,0.034319266078847166,-3.0,0.0,1,True,False,False,1761307918.3566296
49,1,-0.003016334255335881,0.03430499421149669,0.0,0.0,-0.003016334255335881,0.03430499421149669,0.0,0.0,0,True,False,False,1761307918.4021997
50,23,-0.0069762948959632256,0.10564082342662034,0.0,-0.3526652358382295,-0.16045478260715418,2.429738938812268,0.0,-8.111300424279278,0,False,True,False,1761307918.7179103
51,26,-0.01005108169438232,0.017360661569124594,0.0,-0.06701211875330103,-0.26132812405394035,0.4513772007972394,0.0,-1.7423150875858266,0,False,False,True,1761308001.3909624
52,104,-0.008436385215649543,0.035254590994183085,0.0,-0.12924841198763978,-0.8773840624275524,3.666477463395041,0.0,-13.441834846714539,0,False,True,False,1761308002.9257438
53,46,-0.005597812126108721,0.018752792513762905,-0.06521739130434782,-0.19747675375790177,-0.2574993578010012,0.8626284556330935,-3.0,-9.083930672863481,1,True,False,False,1761308003.4962533
54,39,-0.007466430402966837,0.017667107073533243,0.0,0.0,-0.2911907857157066,0.6890171758677964,0.0,0.0,0,True,False,False,1761308003.882262
55,19,-0.008153387802577593,0.01872386157178894,0.0,0.0,-0.15491436824897425,0.35575336986398987,0.0,0.0,0,True,False,False,1761308004.075346
56,19,-0.005684895664236972,0.020049604301736336,0.0,0.0,-0.10801301762050247,0.3809424817329904,0.0,0.0,0,True,False,False,1761308004.2835426
57,28,-0.006613620469403599,0.018700536545536724,-0.10714285714285714,-0.10074174376791556,-0.18518137314330077,0.5236150232750283,-3.0,-2.8207688255016357,1,True,False,False,1761308004.5856078
58,2,-0.004584924991737974,0.03187407936477249,0.0,0.0,-0.009169849983475947,0.06374815872954498,0.0,0.0,0,True,False,False,1761308004.6510043
59,51,-0.008574519128783334,0.05598576235974381,0.0,0.0,-0.43730047556795,2.8552738803469344,0.0,0.0,0,False,True,False,1761308005.196356
60,58,-0.005894868919579608,0.018378995118890892,0.0,-0.2973624602093014,-0.3419023973356173,1.0659817168956718,0.0,-17.24702269213948,0,True,False,False,1761308006.0276203
61,1,-0.0029954850732994277,0.03430775658493335,-3.0,0.0,-0.0029954850732994277,0.03430775658493335,-3.0,0.0,1,True,False,False,1761308006.0701046
62,48,-0.01409878299234323,0.05538242747102915,0.0,0.0,-0.676741583632475,2.6583565186093994,0.0,0.0,0,False,True,False,1761308006.6351745
63,75,-0.008645755055303883,0.04356006978671922,0.0,-0.0016657264129042201,-0.6484316291477912,3.2670052340039413,0.0,-0.1249294809678165,0,False,True,False,1761308093.0815778
64,23,-0.008666791031655323,0.018343813018855154,-0.13043478260869565,-0.13702101571113073,-0.19933619372807243,0.42190769943366857,-3.0,-3.151483361356007,1,True,False,False,1761308093.685619
65,11,-0.0051599105444571315,0.021699900219172653,-0.2727272727272727,-0.8992276527130159,-0.056759015989028445,0.2386989024108992,-3.0,-9.891504179843174,1,True,False,False,1761308093.8711946
66,32,-0.013551869067954038,0.014778337101635217,0.0,0.0,-0.4336598101745292,0.47290678725232693,0.0,0.0,0,True,False,False,1761308094.2269986
67,6,-0.005836633019301936,0.024672560444195375,0.0,0.0,-0.035019798115811615,0.14803536266517225,0.0,0.0,0,True,False,False,1761308094.3163745
68,1,-0.0006339250172760482,0.034659958253151935,-3.0,0.0,-0.0006339250172760482,0.034659958253151935,-3.0,0.0,1,True,False,False,1761308094.3613145
69,124,-0.01300800317812758,0.028950787405538313,0.0,-0.08104940068126502,-1.61299239408782,3.5898976382867507,0.0,-10.050125684476862,0,False,True,False,1761308095.5508504
70,33,-0.014358517873639806,0.013654392828268887,0.0,0.0,-0.47383108983011357,0.4505949633328733,0.0,0.0,0,False,False,True,1761308095.8804214
71,23,-0.008852416897611523,0.018137936891289806,0.0,-0.14000753365928978,-0.20360558864506503,0.41717254849966556,0.0,-3.220173274163665,0,True,False,False,1761308096.1927404
72,3,-0.0024023597783582613,0.030599054175774798,0.0,0.0,-0.007207079335074784,0.0917971625273244,0.0,0.0,0,True,False,False,1761308096.2469044
73,1,-0.00038907189834363006,0.03467047819797875,-3.0,0.0,-0.00038907189834363006,0.03467047819797875,-3.0,0.0,1,True,False,False,1761308096.2922676
74,23,-0.006026511433934249,0.0191962361474568,0.0,0.0,-0.13860976298048772,0.44151343139150634,0.0,0.0,0,True,False,False,1761308096.606787
75,3,-0.00621749313310713,0.029275364588606505,-1.0,-0.45222558768635795,-0.018652479399321388,0.08782609376581951,-3.0,-1.356676763059074,1,True,False,False,1761308096.678383
76,15,-0.003793730552260596,0.02104249092149484,0.0,0.0,-0.056905958283908945,0.3156373638224226,0.0,0.0,0,True,False,False,1761308096.9094098
77,22,-0.00806904966940693,0.01841376460364749,-0.13636363636363635,-0.1247104923977905,-0.17751909272695243,0.4051028212802448,-3.0,-2.743630832751391,1,True,False,False,1761308097.189614
78,1,-0.0028984944414207005,0.03432003180244969,0.0,0.0,-0.0028984944414207005,0.03432003180244969,0.0,0.0,0,True,False,False,1761308097.2366724
79,13,-0.0033013690393247567,0.021238198799420367,-0.23076923076923078,-0.40575057505864376,-0.042917797511221836,0.27609658439246476,-3.0,-5.274757475762369,1,True,False,False,1761308097.4494958
80,76,-0.006609642109366607,0.04333506299840124,0.0,0.0,-0.5023328003118621,3.293464787878494,0.0,0.0,0,False,True,False,1761308098.1418478
81,81,-0.005575002039052023,0.042789123081838076,0.0,-0.010316271130479043,-0.45157516516321383,3.465918969628884,0.0,-0.8356179615688024,0,False,True,False,1761308179.2379408
82,4,-0.0009871800746958626,0.028914364884321864,-0.75,-0.6899232104515665,-0.00394872029878345,0.11565745953728745,-3.0,-2.759692841806266,1,True,False,False,1761308179.30442
83,66,-0.006014467145428466,0.017706129960587253,-0.045454545454545456,-0.07363622524764966,-0.39695483159827877,1.1686045773987588,-3.0,-4.859990866344877,1,True,False,False,1761308180.0164459
84,22,-0.010124022880971285,0.01699186818218399,0.0,0.0,-0.2227285033813683,0.3738211000080478,0.0,0.0,0,True,False,False,1761308180.3524678
85,43,-0.007626354013697554,0.06348922237253053,0.0,0.0,-0.3279332225889948,2.730036562018813,0.0,0.0,0,False,True,False,1761308180.8868637
86,19,-0.008491281269051628,0.01845470505827699,-0.15789473684210525,-0.10837374753556672,-0.16133434411198094,0.3506393961072628,-3.0,-2.059101203175768,1,True,False,False,1761308181.6279433
87,51,-0.0064316156588051674,0.05694099901857787,0.0,0.0,-0.32801239859906356,2.903990949947471,0.0,0.0,0,False,True,False,1761308182.0778286
88,79,-0.006945092217247556,0.042466555791442616,0.0,-0.04651147208145018,-0.5486622851625569,3.3548579075239666,0.0,-3.674406294434564,0,False,True,False,1761308183.0009205
89,5,-0.0034644284110260893,0.026580598990271966,0.0,0.0,-0.017322142055130448,0.13290299495135982,0.0,0.0,0,True,False,False,1761308183.2826579
90,8,-0.005747548966448618,0.022775143775310702,-0.375,-0.6949447742580133,-0.045980391731588945,0.18220115020248562,-3.0,-5.559558194064106,1,True,False,False,1761308183.382859
91,1,-0.002899830196759999,0.03431892375991974,-3.0,0.0,-0.002899830196759999,0.03431892375991974,-3.0,0.0,1,True,False,False,1761308183.4154654
92,7,-0.0030635472223245817,0.30750294422012436,0.0,0.0,-0.02144483055627207,2.1525206095408707,0.0,0.0,0,False,True,False,1761308183.5252638
93,2,-0.001601968869559859,0.03260471432569245,-1.5,-0.4501372424910929,-0.003203937739119718,0.0652094286513849,-3.0,-0.9002744849821858,1,True,False,False,1761308269.9194179
94,15,-0.007267102055278704,0.019656877117459566,0.0,0.0,-0.10900653082918055,0.2948531567618935,0.0,0.0,0,True,False,False,1761308270.1045198
95,28,-0.006188535097471914,0.08998352723604093,0.0,0.0,-0.17327898272921358,2.519538762609146,0.0,0.0,0,False,True,False,1761308270.395847
96,1,-0.002909496929776961,0.03431857486852419,-3.0,0.0,-0.002909496929776961,0.03431857486852419,-3.0,0.0,1,True,False,False,1761308270.9353614
97,9,-0.0032051813983280902,0.02308553640551731,0.0,0.0,-0.028846632584952812,0.2077698276496558,0.0,0.0,0,True,False,False,1761308271.0748158
98,42,-0.009648844430052771,0.016561845743916465,0.0,0.0,-0.4052514660622164,0.6955975212444916,0.0,0.0,0,True,False,False,1761308271.5051315
99,71,-0.009718844319853787,0.04285649229957241,0.0,-0.17957740592403515,-0.6900379467096188,3.0428109532696412,0.0,-12.749995820606495,0,False,True,False,1761308272.4692214
100,35,-0.01657283738289014,0.07069376898771125,0.0,-0.43005001969353196,-0.5800493084011549,2.474281914569894,0.0,-15.051750689273618,0,False,True,False,1761308272.992799
101,1,-0.0034556125480051814,0.0342508916866672,0.0,0.0,-0.0034556125480051814,0.0342508916866672,0.0,0.0,0,True,False,False,1761308273.5180044
102,17,-0.006537248908901402,0.0198966387886347,0.0,0.0,-0.11113323145132384,0.3382428594067899,0.0,0.0,0,True,False,False,1761308273.758647
103,42,-0.007836571179020363,0.016659365861163587,0.0,-0.001406864805792744,-0.32913598951885525,0.6996933661688707,0.0,-0.05908832184329525,0,True,False,False,1761308274.2662187
104,1,-0.0028993852348679705,0.0343192287660945,0.0,0.0,-0.0028993852348679705,0.0343192287660945,0.0,0.0,0,True,False,False,1761308274.3058884
105,32,-0.0058511338876052,0.019311056461122744,0.0,0.0,-0.1872362844033664,0.6179538067559278,0.0,0.0,0,True,False,False,1761308274.7619867
106,13,-0.003564040129419524,0.02184395212697643,0.0,-0.8019460752141433,-0.04633252168245381,0.2839713776506936,0.0,-10.425298977783862,0,True,False,False,1761308274.9553022
107,100,-0.009786339566430432,0.034655869899236275,0.0,0.0,-0.9786339566430432,3.4655869899236276,0.0,0.0,0,False,True,False,1761308275.7501328
108,1,-0.003060533647789418,0.03429970633809942,-3.0,0.0,-0.003060533647789418,0.03429970633809942,-3.0,0.0,1,True,False,False,1761308275.7970293
109,3,-0.0022523509186722214,0.03063719501707718,0.0,0.0,-0.006757052756016664,0.09191158505123154,0.0,0.0,0,True,False,False,1761308275.860836
110,32,-0.009600027095352827,0.07872274970687332,0.0,0.0,-0.30720086705129046,2.519127990619946,0.0,0.0,0,False,True,False,1761308366.0770538
111,3,-0.0037528685735422223,0.6884618622819468,0.0,0.0,-0.011258605720626667,2.0653855868458404,0.0,0.0,0,False,True,False,1761308366.7660062
112,38,-0.008765024986250439,0.0696423428455409,0.0,0.0,-0.3330709494775167,2.646409028130554,0.0,0.0,0,False,True,False,1761308367.3074894
113,27,-0.005982747720640695,0.01759379374755928,-0.1111111111111111,-0.33847681613102937,-0.16153418845729875,0.47503243118410055,-3.0,-9.138874035537793,1,True,False,False,1761308367.653919
114,87,-0.007784880947938543,0.039378923900302745,0.0,0.0,-0.6772846424706532,3.425966379326339,0.0,0.0,0,False,True,False,1761308368.46068
115,17,-0.004895673566547895,0.02011391959298113,0.0,0.0,-0.08322645063131422,0.34193663308067923,0.0,0.0,0,False,False,True,1761308368.6479263
116,7,-0.003910680454806924,0.02413807839453746,0.0,0.0,-0.027374763183648464,0.1689665487617622,0.0,0.0,0,True,False,False,1761308369.5965407
117,1,-0.003010253835442622,0.034305814728105455,0.0,0.0,-0.003010253835442622,0.034305814728105455,0.0,0.0,0,True,False,False,1761308369.6329935
118,12,-0.01027115403366606,0.019580962467270074,0.0,0.0,-0.12325384840399273,0.23497154960724087,0.0,0.0,0,True,False,False,1761308369.815152
119,2,-0.0016007906355660641,0.03260645208663304,0.0,0.0,-0.0032015812711321283,0.06521290417326608,0.0,0.0,0,True,False,False,1761308369.8753426
120,60,-0.007589395815198659,0.05038371150335754,0.0,0.0,-0.45536374891191955,3.0230226902014525,0.0,0.0,0,False,True,False,1761308370.4671972
121,4,-0.0031571699329214793,0.028601973421713528,0.0,0.0,-0.012628679731685917,0.11440789368685411,0.0,0.0,0,True,False,False,1761308370.9977934
122,8,-0.004005618718763116,0.02291883695877478,0.0,-0.003203582368980472,-0.032044949750104926,0.18335069567019824,0.0,-0.025628658951843776,0,True,False,False,1761308371.1335726
123,8,-0.00536753637085908,0.02240997504869316,-0.375,-0.5835458342962643,-0.04294029096687264,0.17927980038954527,-3.0,-4.668366674370114,1,True,False,False,1761308371.2540941
124,16,-0.006208221265092221,0.020017733976781416,0.0,-0.13698079619609949,-0.09933154024147553,0.32028374362850265,0.0,-2.1916927391375918,0,True,False,False,1761308371.486417
125,3,-0.004399014106275657,0.03010959657608529,0.0,0.0,-0.013197042318826973,0.09032878972825586,0.0,0.0,0,True,False,False,1761308371.585254
126,123,-0.006667164895059844,0.033571055446086594,0.0,0.0,-0.8200612820923607,4.129239819868651,0.0,0.0,0,False,True,False,1761308456.0382292
127,115,-0.009101219271086309,0.033278532012865514,0.0,-0.23309296324968035,-1.0466402161749255,3.8270311814795344,0.0,-26.80569077371324,0,False,True,False,1761308457.0015647
128,3,-0.005789616878261103,0.029462187292379188,-1.0,-1.1589463496743058,-0.017368850634783307,0.08838656187713756,-3.0,-3.4768390490229173,1,True,False,False,1761308457.1009333
129,43,-0.006324997240623927,0.01839815396931311,0.0,0.0,-0.27197488134682885,0.7911206206804637,0.0,0.0,0,True,False,False,1761308457.5656939
130,11,-0.006003506056886982,0.021612757033261962,0.0,0.0,-0.0660385666257568,0.23774032736588158,0.0,0.0,0,True,False,False,1761308457.6984105
131,58,-0.005901112349239416,0.01842417260436958,-0.05172413793103448,-0.06626805268796507,-0.3422645162558861,1.0686020110534358,-3.0,-3.8435470559019738,1,True,False,False,1761308458.4835474
132,3,-0.0024002659461496035,0.030599066562457294,0.0,0.0,-0.0072007978384488105,0.09179719968737188,0.0,0.0,0,True,False,False,1761308458.53819
133,7,-0.005737928076745997,0.02356287427735596,-0.42857142857142855,-0.7025531504035784,-0.040165496537221984,0.16494011994149171,-3.0,-4.917872052825048,1,True,False,False,1761308458.619942
134,2,-0.004733746071665688,0.03183532123679622,0.0,0.0,-0.009467492143331376,0.06367064247359244,0.0,0.0,0,True,False,False,1761308458.656716
135,25,-0.005707260348617041,0.019146243603585033,0.0,-0.2179654902007804,-0.14268150871542604,0.4786560900896258,0.0,-5.44913725501951,0,True,False,False,1761308458.9220958
136,1,-0.003476106474643742,0.034248454492322694,0.0,0.0,-0.003476106474643742,0.034248454492322694,0.0,0.0,0,True,False,False,1761308458.9523401
137,2,-0.004686441442527651,0.03184748440176516,0.0,0.0,-0.009372882885055302,0.06369496880353032,0.0,0.0,0,True,False,False,1761308459.0023324
138,67,-0.01090514803442655,0.045638953751610825,0.0,-0.04489858180295706,-0.7306449183065788,3.0578099013579254,0.0,-3.0082049807981233,0,False,True,False,1761308459.5654862
139,4,-0.00361217119195662,0.028387365657140395,0.0,0.0,-0.01444868476782648,0.11354946262856158,0.0,0.0,0,True,False,False,1761308459.8140364
140,38,-0.007774863825724955,0.01718969997285207,0.0,-0.21588304621937696,-0.2954448253775483,0.6532085989683787,0.0,-8.203555756336325,0,True,False,False,1761308460.1943538
141,24,-0.004598787116779068,0.019644575881336862,0.0,-0.011638905442819219,-0.11037089080269763,0.4714698211520847,0.0,-0.27933373062766126,0,True,False,False,1761308460.4309852
142,119,-0.007730257544408244,0.033392164893314195,0.0,-0.07341154745893401,-0.919900647784581,3.973667622304389,0.0,-8.735974147613147,0,False,True,False,1761308461.320299
143,5,-0.005260333954634766,0.02587564218841889,0.0,0.0,-0.02630166977317383,0.12937821094209445,0.0,0.0,0,True,False,False,1761308461.4012988
144,3,-0.002400557247553639,0.0305990551051664,-1.0,-0.7574863186225168,-0.007201671742660917,0.0917971653154992,-3.0,-2.2724589558675503,1,True,False,False,1761308461.455832
145,44,-0.005887183285268844,0.01815036587547212,-0.06818181818181818,-0.7947320552324256,-0.25903606455182915,0.7986160985207733,-3.0,-34.968210430226726,1,True,False,False,1761308543.961661
146,7,-0.004899269673875092,0.024057481015945514,0.0,0.0,-0.03429488771712565,0.1684023671116186,0.0,0.0,0,True,False,False,1761308544.0446413
147,86,-0.007598744777615912,0.0398669064602185,0.0,0.0,-0.6534920508749684,3.428553955578791,0.0,0.0,0,False,True,False,1761308544.7070851
148,105,-0.007583894665514321,0.03561071972266557,0.0,0.0,-0.7963089398790036,3.739125570879885,0.0,0.0,0,False,True,False,1761308545.4724312
149,6,-0.003956677376334335,0.02506030589273245,-0.5,-0.4355862235594236,-0.02374006425800601,0.1503618353563947,-3.0,-2.6135173413565416,1,True,False,False,1761308545.5507011
150,93,-0.006392198574437858,0.03939464509961123,0.0,-0.13966501697892603,-0.5944744674227208,3.6637019942638442,0.0,-12.98884657904012,0,False,True,False,1761308546.52516
151,19,-0.003165182058687605,0.1250781684709201,0.0,0.0,-0.0601384591150645,2.376485200947482,0.0,0.0,0,False,True,False,1761308546.920385
152,14,-0.004622861122769164,0.021171654385851495,0.0,-0.5184575535905472,-0.0647200557187683,0.2964031614019209,0.0,-7.258405750267661,0,True,False,False,1761308547.1507392
153,18,-0.010193661054374237,0.017482666033513426,-0.16666666666666666,-0.21680627968783373,-0.18348589897873627,0.31468798860324165,-3.0,-3.9025130343810073,1,True,False,False,1761308547.4401953
154,25,-0.011349048654394591,0.017116334144765284,0.0,0.0,-0.2837262163598648,0.4279083536191321,0.0,0.0,0,False,False,True,1761308547.8287008
155,37,-0.008574318343153796,0.018061804529426663,-0.08108108108108109,-0.05236351770316162,-0.31724977869669047,0.6682867675887865,-3.0,-1.9374501550169798,1,True,False,False,1761308549.2453144
156,92,-0.00836303836624247,0.038514261300292,0.0,0.0,-0.7693995296943072,3.543312039626864,0.0,0.0,0,False,True,False,1761308629.4456735
157,1,-0.002902853488577278,0.03431905695715742,0.0,0.0,-0.002902853488577278,0.03431905695715742,0.0,0.0,0,True,False,False,1761308629.5260625
158,51,-0.006821700161603991,0.056920865617591576,0.0,0.0,-0.34790670824180353,2.9029641464971703,0.0,0.0,0,False,True,False,1761308629.9584093
159,108,-0.005531842623709376,0.03654179491878425,0.0,0.0,-0.5974390033606126,3.946513851228699,0.0,0.0,0,False,True,False,1761308631.3069954
160,89,-0.008728172536935143,0.01627816471780069,0.0,-0.02734597960554492,-0.7768073557872278,1.4487566598842616,0.0,-2.433792184893498,0,False,False,True,1761308632.035447
161,107,-0.006801619661629087,0.03549927863118677,0.0,0.0,-0.7277733037943123,3.798422813536985,0.0,0.0,0,False,True,False,1761308633.375921
162,101,-0.008140465557202999,0.03671540168640652,0.0,-0.05133723680798125,-0.8221870212775029,3.708255570327058,0.0,-5.185060917606107,0,False,True,False,1761308634.3965704
163,32,-0.006923209057023037,0.017096110726606516,-0.09375,-0.12949478107587212,-0.22154268982473718,0.5470755432514085,-3.0,-4.143832994427908,1,True,False,False,1761308634.8760607
164,1,-0.0029137606518269328,0.03431745454677482,0.0,-0.6427519435676343,-0.0029137606518269328,0.03431745454677482,0.0,-0.6427519435676343,0,True,False,False,1761308634.930945
165,27,-0.006827736062384493,0.018811898224918692,-0.1111111111111111,-0.5814975455910248,-0.1843488736843813,0.5079212520728047,-3.0,-15.70043373095767,1,True,False,False,1761308635.2279446
166,47,-0.005521798657478229,0.0186089466814579,0.0,0.0,-0.25952453690147675,0.8746204940285214,0.0,0.0,0,True,False,False,1761308715.2371564
167,10,-0.005681330626579553,0.021280847839714245,-0.3,-0.5722591315326301,-0.05681330626579553,0.21280847839714245,-3.0,-5.722591315326301,1,True,False,False,1761308715.3544605
168,24,-0.005213095592612985,0.019540430494590984,0.0,0.0,-0.12511429422271164,0.4689703318701836,0.0,0.0,0,True,False,False,1761308715.5871594
169,9,-0.004044645136002672,0.022473857138217382,0.0,0.0,-0.03640180622402405,0.20226471424395642,0.0,0.0,0,True,False,False,1761308715.6933672
170,16,-0.005508506590395975,0.14420210235891046,0.0,0.0,-0.0881361054463356,2.3072336377425673,0.0,0.0,0,False,True,False,1761308715.8521576
171,1,-0.002911635174045877,0.03431830256785906,0.0,0.0,-0.002911635174045877,0.03431830256785906,0.0,0.0,0,True,False,False,1761308716.6877248
172,100,-0.005153131919032007,0.03762518802344106,0.0,-0.07815210383617546,-0.5153131919032007,3.762518802344106,0.0,-7.815210383617546,0,False,True,False,1761308717.618179
173,1,-0.0029560708234596116,0.03431225545003069,0.0,-1.7513245742757952,-0.0029560708234596116,0.03431225545003069,0.0,-1.7513245742757952,0,True,False,False,1761308717.7428434
174,6,-0.0032340219153061535,0.02534889595075923,-0.5,-0.6425029152888119,-0.01940413149183692,0.1520933757045554,-3.0,-3.8550174917328714,1,True,False,False,1761308717.8969507
175,1,-0.0022858520398135657,0.034455750456608314,0.0,0.0,-0.0022858520398135657,0.034455750456608314,0.0,0.0,0,True,False,False,1761308717.9541152
176,1,-0.0029593661608994567,0.03431187903338373,-3.0,0.0,-0.0029593661608994567,0.03431187903338373,-3.0,0.0,1,True,False,False,1761308718.0049343
177,2,-0.0045574319659655365,0.03188170517905953,0.0,-1.0745709005613002,-0.009114863931931073,0.06376341035811905,0.0,-2.1491418011226004,0,True,False,False,1761308718.0783358
178,38,-0.0073318031114825944,0.07012998780641876,0.0,-0.09894249169587095,-0.2786085182363386,2.664939536643913,0.0,-3.7598146844430964,0,False,True,False,1761308718.5501254
179,14,-0.008886333939476502,0.16095053282628763,0.0,0.0,-0.12440867515267101,2.2533074595680267,0.0,0.0,0,False,True,False,1761308719.0691333
180,50,-0.009337095600731236,0.05662459034698289,0.0,0.0,-0.4668547800365618,2.8312295173491444,0.0,0.0,0,False,True,False,1761308719.646866
181,65,-0.009155456422673685,0.04781239840520132,0.0,-0.04120808816338374,-0.5951046674737895,3.107805896338086,0.0,-2.6785257306199433,0,False,True,False,1761308720.6300638
182,1,-0.0002874848706413291,0.03467326481520416,-3.0,0.0,-0.0002874848706413291,0.03467326481520416,-3.0,0.0,1,True,False,False,1761308720.7908819
183,76,-0.004970287501854372,0.04478967276566409,0.0,0.0,-0.37774185014093226,3.404015130190471,0.0,0.0,0,False,True,False,1761308807.5844347
184,61,-0.009156732143198525,0.01689249338382823,0.0,0.0,-0.55856066073511,1.0304420964135221,0.0,0.0,0,True,False,False,1761308808.1975281
185,44,-0.005099957822627596,0.06437928052614127,0.0,0.0,-0.2243981441956142,2.8326883431502154,0.0,0.0,0,False,True,False,1761308808.6234915
186,33,-0.008129949776358973,0.07780500165566508,0.0,0.0,-0.2682883426198461,2.5675650546369475,0.0,0.0,0,False,True,False,1761308809.557942
187,28,-0.00803049361852986,0.08877530400296717,0.0,-0.11854382132229704,-0.22485382131883608,2.4857085120830806,0.0,-3.3192269970243173,0,False,True,False,1761308809.9712036
188,24,-0.0057577363405553195,0.019337499116669155,-0.125,-0.24565122947441886,-0.13818567217332767,0.4640999788000597,-3.0,-5.895629507386053,1,True,False,False,1761308810.267815
189,52,-0.008141617256511583,0.017497690068152418,-0.057692307692307696,-0.05041550873435013,-0.4233640973386023,0.9098798835439258,-3.0,-2.6216064541862067,1,True,False,False,1761308810.7072802
190,35,-0.005987440558439582,0.017203096869416918,0.0,-0.03548860513137134,-0.20956041954538537,0.6021083904295921,0.0,-1.2421011795979968,0,True,False,False,1761308811.0876005
191,108,-0.004877886571116318,0.03618275462740301,0.0,-0.10131287095868224,-0.5268117496805623,3.9077374997595253,0.0,-10.941790063537683,0,False,True,False,1761308812.168986
192,18,-0.005026898790446429,0.020505036143390054,0.0,0.0,-0.09048417822803573,0.369090650581021,0.0,0.0,0,True,False,False,1761308812.522406
193,6,-0.0062774809308601435,0.35496880214311893,0.0,-1.2838125304405208,-0.03766488558516086,2.1298128128587135,0.0,-7.702875182643125,0,False,True,False,1761308812.639119
194,96,-0.006190553122533666,0.03861251086423653,0.0,0.0,-0.594293099763232,3.706801042966707,0.0,0.0,0,False,True,False,1761308898.9538836
195,11,-0.005201762169710223,0.02196108894832358,0.0,0.0,-0.05721938386681245,0.24157197843155936,0.0,0.0,0,True,False,False,1761308899.1896005
196,7,-0.006118574756010054,0.023527203736324682,0.0,-1.5792713346493963,-0.04283002329207038,0.16469042615427276,0.0,-11.054899342545774,0,True,False,False,1761308899.2808886
197,24,-0.0030401786677625663,0.020265054465077866,0.0,0.0,-0.07296428802630159,0.48636130716186876,0.0,0.0,0,True,False,False,1761308899.5237348
198,1,-0.002944380252110896,0.034313906489161994,0.0,0.0,-0.002944380252110896,0.034313906489161994,0.0,0.0,0,True,False,False,1761308899.5591438
199,1,-0.002942010971307041,0.034314127586908105,0.0,0.0,-0.002942010971307041,0.034314127586908105,0.0,0.0,0,True,False,False,1761308899.5912805
200,28,-0.009107278454427378,0.017802790140238143,0.0,0.0,-0.25500379672396656,0.498478123926668,0.0,0.0,0,True,False,False,1761308899.8761675
201,114,-0.006288653287161388,0.03512637825072566,0.0,-0.06966251454121941,-0.7169064747363982,4.004407120582726,0.0,-7.941526657699013,0,False,True,False,1761308900.8930886
202,8,-0.0036988569505009916,0.023243010240154807,-0.375,-0.4433166525816105,-0.029590855604007933,0.18594408192123846,-3.0,-3.546533220652884,1,True,False,False,1761308900.9949756
203,6,-0.005439775135676782,0.35536808511041046,0.0,-0.02162085603314642,-0.03263865081406069,2.132208510662463,0.0,-0.12972513619887852,0,False,True,False,1761308901.1194541
204,33,-0.0048452823367086,0.07889013748968567,0.0,0.0,-0.1598943171113838,2.603374537159627,0.0,0.0,0,False,True,False,1761308902.2975354
205,89,-0.0058217500658261775,0.04033848924813803,0.0,0.0,-0.5181357558585298,3.5901255430842847,0.0,0.0,0,False,True,False,1761308903.5369058
206,19,-0.009572468002282999,0.0184860394658831,0.0,-0.08637074309905089,-0.18187689204337698,0.3512347498517789,0.0,-1.6410441188819669,0,True,False,False,1761308903.9497693
207,7,-0.0048000609903492,0.023903609488212605,0.0,-0.06282250447216227,-0.0336004269324444,0.16732526641748824,0.0,-0.43975753130513584,0,True,False,False,1761308904.0358727
208,25,-0.009726586153181819,0.016394745036023096,-0.12,-0.8594391303247751,-0.24316465382954547,0.4098686259005774,-3.0,-21.485978258119378,1,True,False,False,1761308988.6283603
209,1,-0.0030154071526430353,0.03430501934996477,0.0,0.0,-0.0030154071526430353,0.03430501934996477,0.0,0.0,0,True,False,False,1761308988.6802819
210,17,-0.0036100008695598563,0.020812754494073337,0.0,0.0,-0.06137001478251756,0.3538168263992467,0.0,0.0,0,True,False,False,1761308988.922283
211,1,-0.002911311127365354,0.03431796558435507,0.0,0.0,-0.002911311127365354,0.03431796558435507,0.0,0.0,0,True,False,False,1761308988.9718006
212,3,-0.006342649459730846,0.02921334782873967,0.0,-0.8190446674208686,-0.019027948379192538,0.08764004348621901,0.0,-2.4571340022626056,0,True,False,False,1761308989.040266
213,5,-0.0023989817317680477,0.026860698633354517,-0.6,-0.8889406441888733,-0.011994908658840238,0.1343034931667726,-3.0,-4.444703220944366,1,True,False,False,1761308989.1173193
214,1,-0.002902308330052705,0.034318842589465604,0.0,0.0,-0.002902308330052705,0.034318842589465604,0.0,0.0,0,True,False,False,1761308989.1484823
215,29,-0.0035938678124517623,0.01957456939331104,-0.10344827586206896,-0.18857705583550158,-0.1042221665611011,0.5676625124060202,-3.0,-5.468734619229545,1,True,False,False,1761308989.435246
216,25,-0.005653667372614204,0.019005765127874802,-0.12,-0.2436343904248833,-0.1413416843153551,0.47514412819687,-3.0,-6.090859760622083,1,True,False,False,1761308989.7102404
217,5,-0.0023617196821657444,0.02682799366301918,0.0,0.0,-0.011808598410828722,0.1341399683150959,0.0,0.0,0,True,False,False,1761308989.7835398
218,1,-0.002898835356059442,0.03431952862633292,-3.0,0.0,-0.002898835356059442,0.03431952862633292,-3.0,0.0,1,True,False,False,1761308989.8176682
219,3,-0.0023080315022061654,0.03062493844597573,0.0,-0.2613563710017974,-0.006924094506618497,0.09187481533792718,0.0,-0.7840691130053923,0,True,False,False,1761308989.9018855
220,3,-0.002401291962085619,0.030599043867563108,0.0,0.0,-0.007203875886256856,0.09179713160268932,0.0,0.0,0,True,False,False,1761308989.9798093
221,70,-0.005862581553167264,0.04603640617583387,0.0,-0.4980044683595612,-0.4103807087217085,3.222548432308371,0.0,-34.860312785169285,0,False,True,False,1761308990.7204893
222,110,-0.0065204376993947925,0.03545506904240505,0.0,-0.09480675886740762,-0.7172481469334272,3.9000575946645553,0.0,-10.428743475414839,0,False,True,False,1761308991.9355507
223,34,-0.005276734543719443,0.019231989025731845,-0.08823529411764706,-0.1048271818855317,-0.17940897448646104,0.6538876268748828,-3.0,-3.5641241841080777,1,True,False,False,1761308992.4140506
224,38,-0.005933962163552985,0.07060261083785409,0.0,0.0,-0.22549056221501343,2.682899211838455,0.0,0.0,0,False,True,False,1761308992.8551629
225,39,-0.00498481769572869,0.019266138189786827,-0.07692307692307693,-0.13111363799940465,-0.1944078901334189,0.7513793894016862,-3.0,-5.113431881976782,1,True,False,False,1761308993.8868713
226,24,-0.008958340370201026,0.018267842563752256,0.0,0.0,-0.21500016888482465,0.4384282215300541,0.0,0.0,0,True,False,False,1761308994.1462343
227,3,-0.0024031344098230075,0.030599030823593647,0.0,0.0,-0.007209403229469022,0.09179709247078094,0.0,0.0,0,True,False,False,1761308994.2174954
228,64,-0.004763223168697873,0.04903809300663339,0.0,-0.19359189661011142,-0.30484628279666387,3.138437952424537,0.0,-12.38988138304713,0,False,True,False,1761308994.8138592
229,15,-0.0036698346964835296,0.021254728485585888,0.0,0.0,-0.055047520447252946,0.3188209272837883,0.0,0.0,0,True,False,False,1761309081.5969658
230,31,-0.005290952296460127,0.019054708487380792,0.0,0.0,-0.16401952119026394,0.5906959631088046,0.0,0.0,0,True,False,False,1761309081.896616
231,10,-0.012323438420754621,0.01849164803352833,-0.3,-0.28668759470243765,-0.12323438420754622,0.1849164803352833,-3.0,-2.8668759470243765,1,True,False,False,1761309082.006969
232,20,-0.006386960498058851,0.01895646871453003,0.0,0.0,-0.12773920996117702,0.37912937429060056,0.0,0.0,0,True,False,False,1761309082.276143
233,19,-0.004701410524534681,0.020557341348556152,-0.15789473684210525,-0.6937453331365592,-0.08932679996615894,0.3905894856225669,-3.0,-13.181161329594625,1,True,False,False,1761309082.52926
234,6,-0.0038839672182175524,0.025139611642312192,0.0,-0.15765003655306417,-0.023303803309305315,0.15083766985387315,0.0,-0.9459002193183851,0,True,False,False,1761309082.632833
235,22,-0.006003834895497809,0.11000482348544306,0.0,0.0,-0.1320843677009518,2.4201061166797473,0.0,0.0,0,False,True,False,1761309082.8744452
236,38,-0.006402051555154037,0.07041854057374959,0.0,-0.0019620166436625486,-0.24327795909585342,2.6759045418024843,0.0,-0.07455663245917685,0,False,True,False,1761309083.715554
237,51,-0.004799158360624049,0.05753037575784918,0.0,0.0,-0.24475707639182653,2.9340491636503083,0.0,0.0,0,False,True,False,1761309084.6228597
238,52,-0.007795495159924947,0.017218137704584618,0.0,-0.020254085790705808,-0.40536574831609723,0.8953431606384001,0.0,-1.053212461116702,0,True,False,False,1761309085.5412757
239,44,-0.007740923464679364,0.06318092345332459,0.0,0.0,-0.340600632445892,2.779960631946282,0.0,0.0,0,False,True,False,1761309085.990945
240,2,-0.00459277785565839,0.03187323098272454,0.0,-1.0593572351389338,-0.00918555571131678,0.06374646196544909,0.0,-2.1187144702778675,0,True,False,False,1761309086.1204572
241,8,-0.006482265331919609,0.02264001497728895,0.0,0.0,-0.05185812265535687,0.1811201198183116,0.0,0.0,0,True,False,False,1761309086.2537758
242,1,-0.0028896505442223943,0.034320223079513656,0.0,0.0,-0.0028896505442223943,0.034320223079513656,0.0,0.0,0,True,False,False,1761309086.2994356
243,1,-0.0001580465727379481,0.03467576935504224,0.0,0.0,-0.0001580465727379481,0.03467576935504224,0.0,0.0,0,True,False,False,1761309086.3583212
244,28,-0.005744483621313271,0.01922080915044177,-0.10714285714285714,-0.13528083914925587,-0.16084554139677157,0.5381826562123695,-3.0,-3.787863496179164,1,True,False,False,1761309086.7539911
245,1,-0.002896239893433879,0.03431952126630833,0.0,0.0,-0.002896239893433879,0.03431952126630833,0.0,0.0,0,True,False,False,1761309086.7947352
246,18,-0.00567246463007692,0.02003725457597942,-0.16666666666666666,-0.3950296736752502,-0.10210436334138456,0.3606705823676296,-3.0,-7.110534126154504,1,True,False,False,1761309086.986042
247,6,-0.004676862630090424,0.024763159484257096,0.0,-0.17537029251055944,-0.028061175780542544,0.14857895690554257,0.0,-1.0522217550633566,0,True,False,False,1761309087.064768
248,37,-0.006864105261954814,0.07181164964040164,0.0,0.0,-0.2539718946923281,2.657031036694861,0.0,0.0,0,False,True,False,1761309087.3987744
249,59,-0.006580911908796004,0.051351680049836514,0.0,0.0,-0.3882738026189642,3.029749122940354,0.0,0.0,0,False,True,False,1761309173.3703988
250,75,-0.00810625052401071,0.04363416923962924,0.0,-0.03429140575104989,-0.6079687893008032,3.272562692972193,0.0,-2.571855431328742,0,False,True,False,1761309174.3455443
251,22,-0.009317157078900575,0.017970801440624615,-0.13636363636363635,-0.22798744484209105,-0.20497745573581264,0.3953576316937415,-3.0,-5.015723786526003,1,True,False,False,1761309174.8870976
252,1,-0.0030063609511189393,0.03430636828961875,0.0,0.0,-0.0030063609511189393,0.03430636828961875,0.0,0.0,0,True,False,False,1761309174.9483016
253,50,-0.005730475822279234,0.0582219202732103,0.0,0.0,-0.2865237911139617,2.911096013660515,0.0,0.0,0,False,True,False,1761309175.6210032
254,1,-0.0029855337570303658,0.034308757970740844,0.0,0.0,-0.0029855337570303658,0.034308757970740844,0.0,0.0,0,True,False,False,1761309176.1305141
255,8,-0.005102914560445876,0.02336541643615067,0.0,0.0,-0.04082331648356701,0.18692333148920537,0.0,0.0,0,True,False,False,1761309176.2356474
256,4,-0.0030437760825958392,0.02860000590054934,-0.75,-0.753071854530859,-0.012175104330383357,0.11440002360219736,-3.0,-3.012287418123436,1,True,False,False,1761309176.314964
257,4,-0.005634080170902308,0.02756775182249055,0.0,0.0,-0.02253632068360923,0.1102710072899622,0.0,0.0,0,True,False,False,1761309176.398717
258,69,-0.006182948444590805,0.046536962765068954,0.0,0.0,-0.42662344267676555,3.211050430789758,0.0,0.0,0,False,True,False,1761309177.0257938
259,1,-0.0016384876075079585,0.03456393609496278,-3.0,0.0,-0.0016384876075079585,0.03456393609496278,-3.0,0.0,1,True,False,False,1761309177.0918918
260,119,-0.006896097233499961,0.032556498346190454,0.0,0.0,-0.8206355707864954,3.874223303196664,0.0,0.0,0,False,True,False,1761309178.1487436
261,21,-0.005136499193185852,0.018595439912030172,0.0,0.0,-0.1078664830569029,0.3905042381526336,0.0,0.0,0,True,False,False,1761309178.3705404
262,114,-0.006872441251920902,0.035087175323347666,0.0,-0.06409089096626967,-0.7834583027189828,3.9999379868616343,0.0,-7.306361570154743,0,False,True,False,1761309266.081576
263,13,-0.008738408998169174,0.019872313297230784,0.0,-0.01928683825573254,-0.11359931697619927,0.2583400728640002,0.0,-0.250728897324523,0,True,False,False,1761309266.2126825
264,2,-0.004680805370727687,0.031849096244116415,0.0,0.0,-0.009361610741455374,0.06369819248823283,0.0,0.0,0,True,False,False,1761309266.270816
265,39,-0.006433005869028374,0.06963239129526447,0.0,0.0,-0.2508872288921066,2.7156632605153144,0.0,0.0,0,False,True,False,1761309266.6769972
266,2,-0.004552240411551427,0.031883664204037876,0.0,0.0,-0.009104480823102855,0.06376732840807575,0.0,0.0,0,True,False,False,1761309267.1056724
267,13,-0.006266229095896524,0.020581465863005098,0.0,0.0,-0.08146097824665481,0.2675590562190663,0.0,0.0,0,True,False,False,1761309267.2388523
268,16,-0.006299013029514803,0.020200598321192347,0.0,0.0,-0.10078420847223685,0.32320957313907756,0.0,0.0,0,True,False,False,1761309267.3980258
269,1,-0.00289663320720779,0.03431969061133566,-3.0,0.0,-0.00289663320720779,0.03431969061133566,-3.0,0.0,1,True,False,False,1761309267.457061
270,79,-0.010367322272758429,0.041289231051191734,0.0,-0.11976549837829434,-0.8190184595479159,3.261849253044147,0.0,-9.461474371885252,0,False,True,False,1761309268.2444606
271,15,-0.00470281584239413,0.021114169632827105,0.0,0.0,-0.07054223763591196,0.3167125444924066,0.0,0.0,0,True,False,False,1761309268.4145133
272,16,-0.0029010689326735657,0.0212915786951563,0.0,0.0,-0.04641710292277705,0.3406652591225008,0.0,0.0,0,True,False,False,1761309268.5768309
273,38,-0.006373222151581819,0.017686785149625895,-0.07894736842105263,-0.1252069942502272,-0.2421824417601091,0.6720978356857841,-3.0,-4.757865781508633,1,True,False,False,1761309269.0031607
274,3,-0.003947481063160757,0.030209252206192527,-1.0,-0.3804370023011748,-0.011842443189482271,0.09062775661857758,-3.0,-1.1413110069035244,1,True,False,False,1761309269.057264
275,14,-0.0032926844199481957,0.021105728289652403,0.0,0.0,-0.04609758187927474,0.29548019605513365,0.0,0.0,0,True,False,False,1761309269.2528548
276,58,-0.005500379573826621,0.018234165223863702,0.0,-0.0007608766390607448,-0.319022015281944,1.0575815829840947,0.0,-0.0441308450655232,0,True,False,False,1761309269.8593113
277,44,-0.006641283376488039,0.06349811958917606,0.0,0.0,-0.29221646856547373,2.7939172619237467,0.0,0.0,0,False,True,False,1761309270.3395643
278,10,-0.00421024143082013,0.022426924575406272,0.0,0.0,-0.0421024143082013,0.2242692457540627,0.0,0.0,0,True,False,False,1761309270.6251736
279,51,-0.005771582366799219,0.05737042396781139,0.0,0.0,-0.29435070070676017,2.925891622358381,0.0,0.0,0,False,True,False,1761309271.1383939
280,108,-0.0068305047488372425,0.036042542976792505,0.0,-0.06431171964722544,-0.7376945128744222,3.8925946414935906,0.0,-6.9456657219003475,0,False,True,False,1761309356.8933742
281,28,-0.004949166918991215,0.019319069831026197,-0.10714285714285714,-0.5398636612505973,-0.13857667373175403,0.5409339552687336,-3.0,-15.116182515016723,1,True,False,False,1761309357.1791253
282,48,-0.007269479431773185,0.017501775209053865,0.0,0.0,-0.34893501272511285,0.8400852100345855,0.0,0.0,0,True,False,False,1761309357.772459
283,34,-0.007437403755069134,0.07563518851947541,0.0,-0.19876035568084227,-0.25287172767235055,2.571596409662164,0.0,-6.757852093148637,0,False,True,False,1761309358.1801875
284,23,-0.013898860143037994,0.10184440739101414,0.0,0.0,-0.31967378328987384,2.342421369993325,0.0,0.0,0,False,True,False,1761309358.5571828
285,1,-0.0029769815496635656,0.034309878479739986,0.0,0.0,-0.0029769815496635656,0.034309878479739986,0.0,0.0,0,True,False,False,1761309359.1327
286,5,-0.005521731601262193,0.02582111170813368,-0.6,-0.6236116146690345,-0.027608658006310963,0.1291055585406684,-3.0,-3.118058073345172,1,True,False,False,1761309359.203005
287,117,-0.007114839428192167,0.03394068762422716,0.0,-0.08614135752509511,-0.8324362130984836,3.9710604520345774,0.0,-10.078538830436127,0,False,True,False,1761309360.1506844
288,51,-0.006470904568203573,0.018171858686254164,-0.058823529411764705,-0.4220994832458961,-0.3300161329783822,0.9267647929989624,-3.0,-21.5270736455407,1,True,False,False,1761309360.696085
289,27,-0.004021406863152704,0.09334390706397314,0.0,0.0,-0.108577985305123,2.5202854907272747,0.0,0.0,0,False,True,False,1761309360.9836235
290,18,-0.004482714045207426,0.020549105991951335,-0.16666666666666666,-0.18915013357081994,-0.08068885281373367,0.36988390785512404,-3.0,-3.404702404274759,1,True,False,False,1761309361.7614167
291,1,-0.0010384146953332546,0.03463138572501667,0.0,0.0,-0.0010384146953332546,0.03463138572501667,0.0,0.0,0,True,False,False,1761309361.7994072
292,1,-0.0029069691093559116,0.034318215778720074,-3.0,0.0,-0.0029069691093559116,0.034318215778720074,-3.0,0.0,1,True,False,False,1761309361.8317285
293,17,-0.00651696105438708,0.01894874576819699,-0.17647058823529413,-0.20853364111343728,-0.11078833792458036,0.32212867805934886,-3.0,-3.5450718989284336,1,True,False,False,1761309446.2008622
294,1,-0.003127698030120831,0.034291336071171075,0.0,0.0,-0.003127698030120831,0.034291336071171075,0.0,0.0,0,True,False,False,1761309446.235628
295,53,-0.006546919932417116,0.018054349912347393,0.0,0.0,-0.3469867564181071,0.9568805453544118,0.0,0.0,0,True,False,False,1761309446.8304906
296,9,-0.00894965048406605,0.021054274667291165,0.0,-0.2231960578229433,-0.08054685435659445,0.18948847200562047,0.0,-2.0087645204064897,0,True,False,False,1761309446.956595
297,3,-0.0022358747735299997,0.03064091023763778,-1.0,-0.6853893698780632,-0.006707624320589999,0.09192273071291335,-3.0,-2.0561681096341897,1,True,False,False,1761309447.0240476
298,88,-0.007798245535499118,0.03997059420252174,0.0,-0.10888926240810827,-0.6862456071239224,3.5174122898219133,0.0,-9.582255091913527,0,False,True,False,1761309448.111586
299,31,-0.0042818716476619645,0.08290433702032592,0.0,0.0,-0.1327380210775209,2.5700344476301034,0.0,0.0,0,False,True,False,1761309448.5682914
300,5,-0.002946215364700272,0.026720651861968613,-0.6,-0.561386239161366,-0.01473107682350136,0.13360325930984307,-3.0,-2.80693119580683,1,True,False,False,1761309449.2590199
301,11,-0.004121568559706347,0.02218546796707487,0.0,0.0,-0.04533725415676982,0.24404014763782356,0.0,0.0,0,True,False,False,1761309449.3860385
302,65,-0.005690855460838258,0.04754315788592296,0.0,0.0,-0.36990560495448677,3.0903052625849927,0.0,0.0,0,False,True,False,1761309450.1754694
303,3,-0.002219449917585832,0.03064436529126661,-1.0,-0.8327306298812962,-0.006658349752757496,0.09193309587379983,-3.0,-2.4981918896438886,1,True,False,False,1761309450.382279
304,13,-0.004986534613082461,0.1738891836648089,0.0,0.0,-0.06482494997007199,2.2605593876425156,0.0,0.0,0,False,True,False,1761309450.5635407
305,10,-0.008487593730766671,0.01969992788227313,0.0,0.0,-0.08487593730766671,0.19699927882273127,0.0,0.0,0,True,False,False,1761309450.825253
306,28,-0.005054578094404508,0.018793057536112094,0.0,-0.0004465595250024163,-0.14152818664332623,0.5262056110111386,0.0,-0.012503666700067657,0,True,False,False,1761309451.1074326
307,1,-0.00292753407267406,0.034315673943861924,0.0,0.0,-0.00292753407267406,0.034315673943861924,0.0,0.0,0,True,False,False,1761309451.1444895
308,1,-0.00290747901228605,0.034318220302177016,0.0,0.0,-0.00290747901228605,0.034318220302177016,0.0,0.0,0,True,False,False,1761309451.174339
309,71,-0.006847278336237565,0.04588873774500747,0.0,0.0,-0.4861567618728671,3.2581003798955304,0.0,0.0,0,False,True,False,1761309451.817211
310,15,-0.008453679819034889,0.019491287144903675,-0.2,-0.2168593874715802,-0.12680519728552334,0.29236930717355514,-3.0,-3.2528908120737032,1,True,False,False,1761309452.0146127
311,18,-0.008321275629780057,0.12943463564821342,0.0,0.0,-0.14978296133604105,2.3298234416678416,0.0,0.0,0,False,True,False,1761309452.2005417
312,4,-0.010466445614347845,0.52116570367177,0.0,0.0,-0.04186578245739138,2.08466281468708,0.0,0.0,0,False,True,False,1761309536.8183868
313,18,-0.002853001817027559,0.1311619133573133,0.0,0.0,-0.05135403270649606,2.36091444043164,0.0,0.0,0,False,True,False,1761309537.8497865
314,7,-0.008242747874135248,0.022794761755271602,0.0,0.0,-0.05769923511894674,0.15956333228690123,0.0,0.0,0,True,False,False,1761309538.5173855
315,97,-0.006861134764895231,0.038035066298689274,0.0,-0.0003599347836766869,-0.6655300721948374,3.6894014309728598,0.0,-0.034913674016638634,0,False,True,False,1761309539.2996066
316,55,-0.00872939693908754,0.0167659630391566,0.0,-0.1268398487749901,-0.4801168316498148,0.922127967153613,0.0,-6.976191682624456,0,False,False,True,1761309539.8668756
317,61,-0.011041310909333751,0.048193373590676804,0.0,-0.0758039245556429,-0.6735199654693588,2.939795789031285,0.0,-4.624039397894217,0,False,True,False,1761309540.7453256
318,7,-0.0027277640471347056,0.02461098563515615,0.0,-0.26861343774706953,-0.019094348329942938,0.17227689944609303,0.0,-1.8802940642294868,0,True,False,False,1761309541.1298716
319,22,-0.008438144629794557,0.018654123133415756,0.0,0.0,-0.18563918185548023,0.4103907089351466,0.0,0.0,0,True,False,False,1761309541.4284828
320,46,-0.0060669073409078955,0.0618581007441276,0.0,0.0,-0.2790777376817632,2.8454726342298695,0.0,0.0,0,False,True,False,1761309541.876349
321,1,-0.002904681721666219,0.03431837276129146,0.0,0.0,-0.002904681721666219,0.03431837276129146,0.0,0.0,0,True,False,False,1761309625.6608474
322,52,-0.007672794366524177,0.017717278122102637,-0.057692307692307696,-0.3966327721470186,-0.39898530705925717,0.9212984623493371,-3.0,-20.624904151644966,1,True,False,False,1761309626.116168
323,41,-0.006913353158886695,0.0665995960617263,0.0,0.0,-0.2834474795143545,2.7305834385307786,0.0,0.0,0,False,True,False,1761309626.459483
324,1,-0.00307220551493513,0.03429813367843665,0.0,0.0,-0.00307220551493513,0.03429813367843665,0.0,0.0,0,True,False,False,1761309626.77261
325,13,-0.005349849844022376,0.021088406442396384,0.0,0.0,-0.06954804797229089,0.274149283751153,0.0,0.0,0,True,False,False,1761309626.9381669
326,3,-0.0024008993007285004,0.03059907975327795,0.0,0.0,-0.007202697902185501,0.09179723925983385,0.0,0.0,0,True,False,False,1761309627.0177927
327,80,-0.006147705960404882,0.017971498189934546,0.0,0.0,-0.4918164768323906,1.4377198551947636,0.0,0.0,0,True,False,False,1761309627.8514445
328,52,-0.007185853621972418,0.016669504516573987,-0.057692307692307696,-0.19330690703603629,-0.3736643883425657,0.8668142348618474,-3.0,-10.051959165873887,1,True,False,False,1761309628.4295092
329,82,-0.006989488514551861,0.04194585978625979,0.0,0.0,-0.5731380581932526,3.4395605024733027,0.0,0.0,0,False,True,False,1761309629.1511867
330,1,-0.0028931431479386855,0.03431969847301808,0.0,0.0,-0.0028931431479386855,0.03431969847301808,0.0,0.0,0,True,False,False,1761309629.3724437
331,7,-0.007334592731700818,0.022419980799348243,-0.42857142857142855,-0.6527522853621814,-0.051342149121905725,0.1569398655954377,-3.0,-4.56926599753527,1,True,False,False,1761309629.5069013
332,88,-0.006769802584424247,0.04017009906394528,0.0,0.0,-0.5957426274293337,3.5349687176271845,0.0,0.0,0,False,True,False,1761309630.46316
333,31,-0.005642018078327381,0.019022022863494553,0.0,-0.007443479716285186,-0.17490256042814883,0.5896827087683312,0.0,-0.23074787120484078,0,True,False,False,1761309631.1077707
334,85,-0.007409009008886164,0.040978352879596454,0.0,0.0,-0.629765765755324,3.483159994765699,0.0,0.0,0,False,True,False,1761309723.6484835
335,6,-0.00381584408711085,0.0250194751392618,0.0,0.0,-0.0228950645226651,0.1501168508355708,0.0,0.0,0,True,False,False,1761309723.825472
336,111,-0.00735949248235399,0.035358729669186205,0.0,0.0,-0.8169036655412929,3.9248189932796684,0.0,0.0,0,False,True,False,1761309724.7056036
337,1,-0.002918971199737153,0.034316799763500994,0.0,0.0,-0.002918971199737153,0.034316799763500994,0.0,0.0,0,True,False,False,1761309724.7437131
338,95,-0.0057667071429772275,0.017940268456472834,-0.031578947368421054,-0.054566757684909435,-0.5478371785828366,1.7043255033649192,-3.0,-5.183841980066396,1,True,False,False,1761309725.5954363
339,12,-0.007215955856771733,0.02097865196916579,0.0,0.0,-0.0865914702812608,0.2517438236299895,0.0,0.0,0,True,False,False,1761309725.7514665
340,3,-0.003961288178994924,0.030207363047733082,0.0,0.0,-0.011883864536984774,0.09062208914319925,0.0,0.0,0,True,False,False,1761309725.804859
341,19,-0.006353029060886541,0.01989217600288299,0.0,0.0,-0.12070755215684428,0.3779513440547768,0.0,0.0,0,True,False,False,1761309726.0204394
342,2,-0.004648793957853606,0.031857671772917096,0.0,0.0,-0.009297587915707213,0.06371534354583419,0.0,0.0,0,True,False,False,1761309726.0635693
343,30,-0.004499428067660228,0.019523141168708614,0.0,0.0,-0.13498284202980684,0.5856942350612584,0.0,0.0,0,True,False,False,1761309726.3667924
344,89,-0.010332904992389336,0.03752531555988905,0.0,0.0,-0.919628544322651,3.339753084830125,0.0,0.0,0,False,True,False,1761309727.4231138
345,3,-0.0011915269108423825,0.0307739075514392,0.0,-0.022424901419339227,-0.0035745807325271474,0.0923217226543176,0.0,-0.06727470425801768,0,True,False,False,1761309727.5438082
346,17,-0.0044773984791678335,0.1371263787035215,0.0,0.0,-0.07611577414585317,2.3311484379598655,0.0,0.0,0,False,True,False,1761309727.8273337
347,65,-0.006740968810979009,0.048554732261280056,0.0,-0.00585886443612482,-0.4381629727136356,3.156057596983204,0.0,-0.3808261883481133,0,False,True,False,1761309729.194462
348,101,-0.006315567893194207,0.037760879836617654,0.0,0.0,-0.6378723572126149,3.813848863498383,0.0,0.0,0,False,True,False,1761309812.5108998
349,1,-0.0026905996631122905,0.03437259966949546,0.0,0.0,-0.0026905996631122905,0.03437259966949546,0.0,0.0,0,True,False,False,1761309812.55302
350,61,-0.008494124621581342,0.04916143887661318,0.0,-0.13427706906466463,-0.5181416019164619,2.998847771473404,0.0,-8.190901212944542,0,False,True,False,1761309813.2181952
351,6,-0.003907533397880798,0.02513351994558244,0.0,0.0,-0.02344520038728479,0.15080111967349463,0.0,0.0,0,True,False,False,1761309813.6895263
352,47,-0.008065014348511347,0.05960245437270935,0.0,-0.10784610292600792,-0.37905567438003335,2.8013153555173393,0.0,-5.0687668375223724,0,False,True,False,1761309814.1511722
353,61,-0.005475165928083938,0.05056691594163368,0.0,-0.08278259766228245,-0.3339851216131202,3.0845818724396543,0.0,-5.049738457399229,0,False,True,False,1761309814.903147
354,38,-0.006167881330046095,0.018282822405971216,0.0,0.0,-0.23437949054175158,0.6947472514269062,0.0,0.0,0,True,False,False,1761309815.613762
355,8,-0.0023920853296221685,0.023866946850139313,-0.375,-1.5267444422939904,-0.019136682636977348,0.1909355748011145,-3.0,-12.213955538351923,1,True,False,False,1761309815.717682
356,77,-0.006888743226487536,0.04319337363415288,0.0,0.0,-0.5304332284395403,3.325889769829772,0.0,0.0,0,False,True,False,1761309816.4489617
357,36,-0.007883340571486423,0.07246010537126518,0.0,-0.06459087592210976,-0.28380026057351126,2.6085637933655463,0.0,-2.3252715331959513,0,False,True,False,1761309817.050823
358,78,-0.01121615039726181,0.04115607972923975,0.0,0.0,-0.8748597309864211,3.2101742188807005,0.0,0.0,0,False,True,False,1761309906.8736284
359,10,-0.0035407506282351584,0.02272991238419584,0.0,0.0,-0.035407506282351585,0.22729912384195838,0.0,0.0,0,True,False,False,1761309907.1114814
360,21,-0.0035144933585620347,0.020542407880376184,0.0,0.0,-0.07380436052980273,0.43139056548789984,0.0,0.0,0,True,False,False,1761309907.358812
361,20,-0.013814972007510584,0.11499137015730558,0.0,0.0,-0.2762994401502117,2.2998274031461117,0.0,0.0,0,False,True,False,1761309907.605632
362,52,-0.004482762546087767,0.0182430791569881,-0.057692307692307696,-0.08667311757006936,-0.23310365239656392,0.9486401161633811,-3.0,-4.5070021136436065,1,True,False,False,1761309908.5246572
363,3,-0.004358801490164911,0.030120712808239764,0.0,0.0,-0.013076404470494733,0.0903621384247193,0.0,0.0,0,True,False,False,1761309908.5819318
364,39,-0.004037752431930913,0.07002654956246998,0.0,-0.10047280429291527,-0.15747234484530562,2.7310354329363293,0.0,-3.9184393674236957,0,False,True,False,1761309908.9846282
365,2,-0.0045382400698013746,0.031886078841682375,0.0,0.0,-0.009076480139602749,0.06377215768336475,0.0,0.0,0,True,False,False,1761309909.283432
366,6,-0.003161506643306415,0.025192930387597807,0.0,0.0,-0.018969039859838492,0.15115758232558685,0.0,0.0,0,True,False,False,1761309909.3643887
367,100,-0.004760159401228892,0.03819556835567584,0.0,-0.16754511106254188,-0.4760159401228892,3.8195568355675844,0.0,-16.75451110625419,0,False,True,False,1761309910.2414722
368,27,-0.009238315489170057,0.09038425361088696,0.0,-0.08588535182133973,-0.24943451820759155,2.440374847493948,0.0,-2.3189044991761727,0,False,True,False,1761309910.5475912
369,18,-0.006757366021686385,0.01974553191636176,0.0,0.0,-0.12163258839035493,0.35541957449451167,0.0,0.0,0,True,False,False,1761309911.2835784
370,89,-0.005915985756818512,0.0402572978587891,0.0,-0.12405564957812391,-0.5265227323568475,3.58289950943223,0.0,-11.040952812453028,0,False,True,False,1761309912.0120938
371,4,-0.003943013725998092,0.028276664257330913,0.0,-0.4975761318804425,-0.015772054903992368,0.11310665702932365,0.0,-1.99030452752177,0,True,False,False,1761309996.9974718
372,3,-0.003882085700001784,0.030223983239567726,-1.0,-1.1539214340916457,-0.011646257100005351,0.09067194971870318,-3.0,-3.461764302274937,1,True,False,False,1761309997.064657
373,68,-0.005330781740645213,0.018680184863749526,-0.04411764705882353,-0.0679723341428577,-0.3624931583638745,1.2702525707349677,-3.0,-4.622118721714323,1,True,False,False,1761309997.6630108
374,29,-0.007483082095417168,0.017823177248506565,-0.10344827586206896,-0.08637159757985582,-0.2170093807670979,0.5168721402066904,-3.0,-2.5047763298158188,1,True,False,False,1761309997.971314
375,87,-0.006559539947315166,0.04066958072377374,0.0,0.0,-0.5706799754164195,3.5382535229683154,0.0,0.0,0,False,True,False,1761309998.9725542
376,22,-0.00468530018212028,0.020059743636780338,0.0,-0.42779742676840793,-0.10307660400664614,0.44131436000916746,0.0,-9.411543388904974,0,True,False,False,1761309999.4028723
377,10,-0.009544733687834855,0.020301462489369936,-0.3,-0.6526530450164262,-0.09544733687834854,0.20301462489369937,-3.0,-6.526530450164262,1,True,False,False,1761309999.557174
378,25,-0.004500922462660467,0.018011269794016654,0.0,0.0,-0.11252306156651168,0.4502817448504164,0.0,0.0,0,True,False,False,1761309999.8314862
379,21,-0.004275406803046183,0.019752437304817624,0.0,-0.11635217353718447,-0.08978354286396985,0.4148011834011701,0.0,-2.4433956442808737,0,True,False,False,1761310000.135679
380,23,-0.010608693133958179,0.01775205320350427,0.0,0.0,-0.24399994208103812,0.4082972236805982,0.0,0.0,0,True,False,False,1761310000.4188974
381,100,-0.006113360324648116,0.03704236828464339,0.0,-0.004240305423355451,-0.6113360324648116,3.704236828464339,0.0,-0.42403054233554516,0,False,True,False,1761310001.3885155
382,30,-0.004196448038248349,0.019188715359984707,-0.1,-0.1203778596909916,-0.12589344114745046,0.5756614607995412,-3.0,-3.611335790729748,1,True,False,False,1761310001.8181329
383,74,-0.005392692012454196,0.04490711569291424,0.0,0.0,-0.3990592089216105,3.3231265612756538,0.0,0.0,0,False,True,False,1761310002.553715
384,19,-0.00500454074942739,0.020307348489919927,0.0,0.0,-0.09508627423912042,0.3858396213084786,0.0,0.0,0,True,False,False,1761310002.9158201
385,18,-0.015157688474443178,0.015391876466972506,0.0,-0.016007325226044634,-0.2728383925399772,0.2770537764055051,0.0,-0.28813185406880343,0,False,False,True,1761310003.039738
386,15,-0.004198384014876768,0.02115924026363549,0.0,0.0,-0.06297576022315152,0.3173886039545324,0.0,0.0,0,True,False,False,1761310089.2321846
387,24,-0.010707077115067186,0.01665701624265396,-0.125,-0.237001679325066,-0.25696985076161244,0.399768389823695,-3.0,-5.688040303801584,1,True,False,False,1761310089.4987447
388,11,-0.004077693288565256,0.021656442061200352,0.0,0.0,-0.044854626174217815,0.23822086267320386,0.0,0.0,0,True,False,False,1761310089.6573198
389,13,-0.005084022854932082,0.02147408759062799,0.0,0.0,-0.06609229711411707,0.2791631386781639,0.0,0.0,0,True,False,False,1761310089.8168766
390,23,-0.003943139944241212,0.10654428940561413,0.0,-0.029295531136575487,-0.09069221871754787,2.450518656329125,0.0,-0.6737972161412362,0,False,True,False,1761310090.1489582
391,37,-0.006565816057866622,0.01813154091908122,0.0,0.0,-0.242935194141065,0.6708670140060051,0.0,0.0,0,True,False,False,1761310090.7237754
392,4,-0.004649854318759639,0.028159591128447348,0.0,0.0,-0.018599417275038554,0.11263836451378939,0.0,0.0,0,True,False,False,1761310090.8218317
393,30,-0.0044709332791687045,0.08564959418900202,0.0,0.0,-0.13412799837506115,2.5694878256700604,0.0,0.0,0,False,True,False,1761310091.1611943
394,92,-0.006004089856693204,0.03966104604333459,0.0,0.0,-0.5523762668157748,3.6488162359867826,0.0,0.0,0,False,True,False,1761310092.1615136
