episode_index,steps,mean_reward_drift,mean_reward_progress,mean_reward_intrusion,mean_reward_path_efficiency,mean_reward_boundary,mean_reward_step,mean_reward_proximity,sum_reward_drift,sum_reward_progress,sum_reward_intrusion,sum_reward_path_efficiency,sum_reward_boundary,sum_reward_step,sum_reward_proximity,total_intrusions,terminated_waypoint,terminated_collision,truncated,finished_at
1,45,-0.002083551908769467,0.01173728837722054,0.0,0.0,0.0,-0.005000000000000003,0.03894707680872885,-0.09375983589462601,0.5281779769749243,0.0,0.0,0.0,-0.22500000000000012,1.7526184563927982,0,False,True,False,1764682909.9265382
2,24,-0.004267365425808602,0.0012011762126139247,0.0,0.0,0.0,-0.005000000000000002,0.08252627988701162,-0.10241677021940646,0.028828229102734193,0.0,0.0,0.0,-0.12000000000000004,1.9806307172882789,0,False,True,False,1764682919.5652318
3,4,-0.0023212221636923144,0.007848341928175795,-3.75,0.0,0.0,-0.005,0.7067647456735652,-0.009284888654769258,0.03139336771270318,-15.0,0.0,0.0,-0.02,2.8270589826942607,1,False,True,False,1764682924.7210238
4,50,-0.006721754753519466,-0.004583420807473497,0.0,0.0,-0.04,-0.005000000000000002,5.2064631646110926e-05,-0.33608773767597333,-0.22917104037367486,0.0,0.0,-2.0,-0.2500000000000001,0.0026032315823055464,0,False,False,True,1764682949.2085671
5,132,-0.006957316508225691,-0.00948746664024424,-2.9545454545454546,0.0,-0.015151515151515152,-0.005000000000000004,0.2749332574513884,-0.9183657790857913,-1.2523455965122396,-390.0,0.0,-2.0,-0.6600000000000005,36.29118998358327,26,False,False,True,1764682975.3734922
6,400,-0.004834916024023594,-0.0007915811501391656,-0.4875,0.0,0.0,-0.004999999999999948,0.07780881673794193,-1.9339664096094373,-0.31663246005566625,-195.0,0.0,0.0,-1.9999999999999793,31.12352669517677,13,False,False,True,1764683061.6168082
7,67,-0.005809811935909773,-0.0048157736916592244,0.0,0.0,-0.029850746268656716,-0.005000000000000003,0.0070434257000288715,-0.3892573997059548,-0.322656837341168,0.0,0.0,-2.0,-0.3350000000000002,0.4719095219019344,0,False,False,True,1764683073.8913221
8,19,-0.002874267616743551,0.0041225703487886775,-0.7894736842105263,0.0,0.0,-0.005000000000000001,0.1803353863676777,-0.05461108471812747,0.07832883662698487,-15.0,0.0,0.0,-0.09500000000000001,3.4263723409858766,1,False,True,False,1764683088.3390994
9,21,-0.004594639994917728,0.0008590852662717218,-0.7142857142857143,0.0,0.0,-0.005000000000000001,0.1525388406358735,-0.0964874398932723,0.018040790591706157,-15.0,0.0,0.0,-0.10500000000000002,3.203315653353344,1,False,True,False,1764683133.5755205
10,22,-0.001343181172921102,0.006249240836761574,-0.6818181818181818,0.0,0.0,-0.005000000000000001,0.10314958694273968,-0.029549985804264246,0.13748329840875462,-15.0,0.0,0.0,-0.11000000000000003,2.269290912740273,1,False,True,False,1764683184.352702
11,41,-0.002457909134864198,0.010409655065176953,0.0,0.0,-0.04878048780487805,-0.005000000000000003,0.002078663876406321,-0.1007742745294321,0.42679585767225503,0.0,0.0,-2.0,-0.2050000000000001,0.08522521893265916,0,False,False,True,1764683216.314911
12,15,-0.0023248258949991264,0.0036184789554383275,-1.0,0.0,0.0,-0.005,0.16932359924393972,-0.0348723884249869,0.05427718433157491,-15.0,0.0,0.0,-0.075,2.539853988659096,1,False,True,False,1764683268.0777774
13,32,-0.0023287702144155977,0.006607859684521253,-0.46875,0.0,0.0,-0.005000000000000002,0.20396140685392908,-0.07452064686129913,0.2114515099046801,-15.0,0.0,0.0,-0.16000000000000006,6.5267650193257305,1,False,True,False,1764683295.9221678
14,6,-0.0012389749971492756,0.009927050256717121,-2.5,0.0,0.0,-0.005,0.2772287897846979,-0.007433849982895653,0.05956230154030273,-15.0,0.0,0.0,-0.030000000000000002,1.6633727387081874,1,False,True,False,1764683338.189663
15,9,-0.002885386316331657,0.004890188377229297,-1.6666666666666667,0.0,0.0,-0.005,0.30825239297931195,-0.02596847684698491,0.044011695395063666,-15.0,0.0,0.0,-0.045,2.7742715368138073,1,False,True,False,1764683362.9659088
16,30,-0.001467286270161958,0.010458209351719042,-0.5,0.0,0.0,-0.005000000000000002,0.09996211194199646,-0.044018588104858744,0.3137462805515713,-15.0,0.0,0.0,-0.15000000000000005,2.998863358259894,1,False,True,False,1764683393.1967397
17,54,-0.0035520377859153563,0.0022761787938690085,-0.2777777777777778,0.0,0.0,-0.005000000000000003,0.1753622926080956,-0.19181004043942923,0.12291365486892647,-15.0,0.0,0.0,-0.27000000000000013,9.469563800837163,1,False,True,False,1764683423.4199977
18,16,-0.0007851496872102307,0.13628256124989058,0.0,0.0,0.0,-0.005,0.0,-0.012562394995363692,2.1805209799982492,0.0,0.0,0.0,-0.08,0.0,0,True,False,False,1764683437.818909
19,54,-0.0007500140938986113,0.05141160264285709,0.0,0.0,0.0,-0.005000000000000003,0.11034609326261381,-0.04050076107052501,2.7762265427142827,0.0,0.0,0.0,-0.27000000000000013,5.958689036181146,0,True,False,False,1764683471.1205409
20,22,-0.002041671651661039,0.008186245803092624,-0.6818181818181818,0.0,0.0,-0.005000000000000001,0.2448520894024474,-0.044916776336542855,0.18009740766803772,-15.0,0.0,0.0,-0.11000000000000003,5.386745966853843,1,False,True,False,1764683503.5470786
21,47,-0.005164552009039212,-0.003492415833450953,-3.8297872340425534,0.0,0.0,-0.005000000000000003,0.6487922207406384,-0.24273394442484297,-0.1641435441721948,-180.0,0.0,0.0,-0.23500000000000013,30.493234374810005,12,False,True,False,1764683550.2616727
22,8,-0.004038514738683751,0.0012385201824947345,-1.875,0.0,0.0,-0.005,0.26950758693938165,-0.03230811790947001,0.009908161459957876,-15.0,0.0,0.0,-0.04,2.156060695515053,1,False,True,False,1764683566.5208192
23,180,-0.0029655947557448614,0.016139171414217255,0.0,0.0,0.0,-0.005000000000000004,0.1511510827416431,-0.5338070560340751,2.905050854559106,0.0,0.0,0.0,-0.9000000000000007,27.20719489349576,0,True,False,False,1764683686.853082
24,2,-0.002227643506350091,0.006592602974744843,-7.5,0.0,0.0,-0.005,0.8143665724923885,-0.004455287012700182,0.013185205949489687,-15.0,0.0,0.0,-0.01,1.628733144984777,1,False,True,False,1764683687.0972352
25,29,-0.005835206564714956,-0.0009044751994969404,-1.0344827586206897,0.0,0.0,-0.005000000000000002,0.3846646246408754,-0.16922099037673372,-0.026229780785411272,-30.0,0.0,0.0,-0.14500000000000005,11.155274114585387,2,False,True,False,1764683744.6683702
26,69,-0.000700306983205521,0.04539265119730182,0.0,0.0,0.0,-0.005000000000000003,0.10626573576885673,-0.04832118184118094,3.1320929326138254,0.0,0.0,0.0,-0.3450000000000002,7.332335768051114,0,True,False,False,1764683788.710357
27,5,-0.0025647245426894754,0.00645813801240247,-3.0,0.0,0.0,-0.005,0.4297825204261353,-0.012823622713447377,0.03229069006201235,-15.0,0.0,0.0,-0.025,2.1489126021306766,1,False,True,False,1764683806.1114266
28,14,-0.004546104434217479,-0.0026113585463547312,-1.0714285714285714,0.0,0.0,-0.004999999999999999,0.3646861359111652,-0.06364546207904472,-0.03655901964896624,-15.0,0.0,0.0,-0.06999999999999999,5.105605902756313,1,False,True,False,1764683843.7014127
29,4,-0.000686618294098946,0.010318156874431772,-3.75,0.0,0.0,-0.005,0.733500402922329,-0.002746473176395784,0.04127262749772709,-15.0,0.0,0.0,-0.02,2.934001611689316,1,False,True,False,1764683864.256025
30,50,-0.005928198059613195,-0.00021826977385496881,-11.4,0.0,0.0,-0.005000000000000002,0.6321016953778363,-0.2964099029806598,-0.010913488692748441,-570.0,0.0,0.0,-0.2500000000000001,31.605084768891818,38,False,True,False,1764683911.3177676
31,11,-0.0013975780744913127,0.011768196367692163,-1.3636363636363635,0.0,0.0,-0.004999999999999999,0.18597055573905721,-0.01537335881940444,0.1294501600446138,-15.0,0.0,0.0,-0.05499999999999999,2.0456761131296295,1,False,True,False,1764683937.4726546
32,16,-0.0013025313259208853,0.007327875246228681,-0.9375,0.0,0.0,-0.005,0.17553168647483458,-0.020840501214734165,0.1172460039396589,-15.0,0.0,0.0,-0.08,2.8085069835973533,1,False,True,False,1764683970.935851
33,205,-0.002928384664589534,0.016515106286541948,-0.07317073170731707,0.0,0.0,-0.005000000000000001,0.41500396351686014,-0.6003188562408545,3.385596788741099,-15.0,0.0,0.0,-1.0250000000000001,85.07581252095633,1,True,False,False,1764684053.167032
34,36,-0.004519360782067445,0.002278074357772938,-0.4166666666666667,0.0,0.0,-0.005000000000000002,0.21887668351470518,-0.162696988154428,0.08201067687982577,-15.0,0.0,0.0,-0.18000000000000008,7.879560606529386,1,False,True,False,1764684059.3048832
35,48,-0.0011740694075823232,0.012974035313040951,0.0,0.0,0.0,-0.005000000000000003,0.08946643236286923,-0.05635533156395151,0.6227536950259657,0.0,0.0,0.0,-0.24000000000000013,4.294388753417723,0,False,True,False,1764684089.4876294
36,178,-0.003569250915054673,0.01382156599650125,-2.0224719101123596,0.0,0.0,-0.005000000000000004,0.1588928214918672,-0.6353266628797318,2.4602387473772227,-360.0,0.0,0.0,-0.8900000000000007,28.282922225552362,24,True,False,False,1764684150.0274818
37,24,-0.003404604386255037,0.0034742713017422732,0.0,0.0,0.0,-0.005000000000000002,0.1656617926564039,-0.08171050527012089,0.08338251124181456,0.0,0.0,0.0,-0.12000000000000004,3.9758830237536937,0,False,True,False,1764684154.4880567
38,67,-0.0010855879653762315,0.04452414601513914,0.0,0.0,0.0,-0.005000000000000003,0.10659009048259029,-0.07273439368020751,2.9831177830143223,0.0,0.0,0.0,-0.3350000000000002,7.141536062333549,0,True,False,False,1764684198.4351773
39,145,-0.00286036068079124,0.01999311891957446,-2.586206896551724,0.0,0.0,-0.005000000000000004,0.22243900328113822,-0.4147522987147298,2.8990022433382965,-375.0,0.0,0.0,-0.7250000000000005,32.25365547576504,25,True,False,False,1764684244.9627492
40,6,-0.001136363815494176,0.01166953291977311,0.0,0.0,0.0,-0.005,0.39984353177641113,-0.006818182892965055,0.07001719751863866,0.0,0.0,0.0,-0.030000000000000002,2.399061190658467,0,False,True,False,1764684267.74046
41,69,-0.004064475872408465,0.0020356151800287143,-0.21739130434782608,0.0,0.0,-0.005000000000000003,0.22311759830059374,-0.2804488351961841,0.1404574474219813,-15.0,0.0,0.0,-0.3450000000000002,15.395114282740968,1,False,True,False,1764684356.4495935
42,104,-0.004332757351308942,-0.00032662287463479486,0.0,0.0,-0.019230769230769232,-0.005000000000000004,0.2222836243956843,-0.45060676453612997,-0.033968778962018664,0.0,0.0,-2.0,-0.5200000000000004,23.117496937151166,0,False,False,True,1764684385.681883
43,12,-0.0016598963821926793,0.008523111032172145,-1.25,0.0,0.0,-0.004999999999999999,0.12521574301420282,-0.01991875658631215,0.10227733238606573,-15.0,0.0,0.0,-0.05999999999999999,1.502588916170434,1,False,True,False,1764684402.6100397
44,5,-0.001133172440561494,0.009384935279995376,-3.0,0.0,0.0,-0.005,0.40649927185939205,-0.005665862202807469,0.04692467639997688,-15.0,0.0,0.0,-0.025,2.0324963592969603,1,False,True,False,1764684458.7607255
45,10,-0.005798810316839079,-0.002990033211784637,-1.5,0.0,0.0,-0.004999999999999999,0.3921517997514838,-0.05798810316839079,-0.029900332117846373,-15.0,0.0,0.0,-0.049999999999999996,3.921517997514838,1,False,True,False,1764684523.230654
46,7,-0.0010315526027604345,0.009773122217071828,0.0,0.0,0.0,-0.005,0.524843665923385,-0.007220868219323042,0.0684118555195028,0.0,0.0,0.0,-0.035,3.6739056614636953,0,False,True,False,1764684565.5401392
47,21,-0.004561306488616926,0.0013718471985962296,-0.7142857142857143,0.0,0.0,-0.005000000000000001,0.4636566645479122,-0.09578743626095544,0.02880879117052082,-15.0,0.0,0.0,-0.10500000000000002,9.736789955506156,1,False,True,False,1764684604.215712
48,43,-0.0008214409259957902,0.061716472010537454,0.0,0.0,0.0,-0.005000000000000003,0.033256295759866605,-0.03532195981781898,2.6538082964531107,0.0,0.0,0.0,-0.2150000000000001,1.430020717674264,0,True,False,False,1764684637.9309454
49,11,-0.0051388514346008265,-0.0003369759591030969,0.0,0.0,0.0,-0.004999999999999999,0.20550375802768794,-0.056527365780609094,-0.003706735550134066,0.0,0.0,0.0,-0.05499999999999999,2.2605413383045674,0,False,True,False,1764684648.16862
50,19,-0.001522030592082928,0.014977619514590184,-0.7894736842105263,0.0,0.0,-0.005000000000000001,0.2664159982703965,-0.028918581249575633,0.2845747707772135,-15.0,0.0,0.0,-0.09500000000000001,5.061903967137534,1,False,True,False,1764684668.5604928
51,96,-0.00266483883511769,0.029997612411561143,0.0,0.0,0.0,-0.005000000000000004,0.07023825476628075,-0.25582452817129825,2.87977079150987,0.0,0.0,0.0,-0.4800000000000003,6.742872457562951,0,True,False,False,1764684706.0278518
52,17,-0.0014843326437788923,0.1310634882297712,0.0,0.0,0.0,-0.005,0.0,-0.02523365494424117,2.2280792999061108,0.0,0.0,0.0,-0.085,0.0,0,True,False,False,1764684720.0387664
53,6,-0.0034028810979093455,0.004490315527565218,-2.5,0.0,0.0,-0.005,0.2673449125656813,-0.020417286587456073,0.026941893165391306,-15.0,0.0,0.0,-0.030000000000000002,1.6040694753940878,1,False,True,False,1764684760.147836
54,94,-0.000986061272895634,0.0294529646047735,0.0,0.0,0.0,-0.005000000000000004,0.0748619292824231,-0.09268975965218959,2.768578672848709,0.0,0.0,0.0,-0.4700000000000003,7.0370213525477725,0,True,False,False,1764684819.842756
55,67,-0.0042186862644458525,0.0017695415885870677,-0.22388059701492538,0.0,0.0,-0.005000000000000003,0.3529427211863086,-0.2826519797178721,0.11855928643533353,-15.0,0.0,0.0,-0.3350000000000002,23.647162319482675,1,False,True,False,1764684860.7086377
56,22,-0.0017164786328298176,0.008482653559819753,-0.6818181818181818,0.0,0.0,-0.005000000000000001,0.07353172297774097,-0.03776252992225599,0.18661837831603456,-15.0,0.0,0.0,-0.11000000000000003,1.6176979055103011,1,False,True,False,1764684894.0392175
57,28,-0.0020250777349498685,0.004286176646629424,0.0,0.0,0.0,-0.005000000000000002,0.17348892575516311,-0.05670217657859632,0.12001294610562385,0.0,0.0,0.0,-0.14000000000000004,4.857689921144567,0,False,True,False,1764684938.3333895
58,96,-0.00472763068908939,0.000485204240899315,0.0,0.0,0.0,-0.005000000000000004,0.05471962813435629,-0.4538525461525814,0.046579607126334244,0.0,0.0,0.0,-0.4800000000000003,5.2530843008982036,0,False,True,False,1764685010.7338839
59,2,-0.00023284158491003682,1.004332386622522,0.0,0.0,0.0,-0.005,0.0,-0.00046568316982007363,2.008664773245044,0.0,0.0,0.0,-0.01,0.0,0,True,False,False,1764685017.7161307
60,31,-0.0056151067374448135,-0.0011677681005527929,0.0,0.0,0.0,-0.005000000000000002,0.1694344280336207,-0.17406830886078922,-0.03620081111713658,0.0,0.0,0.0,-0.15500000000000005,5.252467269042241,0,False,True,False,1764685106.693695
61,98,-0.001981397983450318,0.030926039529403596,0.0,0.0,0.0,-0.005000000000000004,0.1736326787902185,-0.19417700237813115,3.0307518738815524,0.0,0.0,0.0,-0.4900000000000003,17.01600252144141,0,True,False,False,1764685152.6600242
62,22,-0.0015612799594019273,0.005885104331923322,-0.6818181818181818,0.0,0.0,-0.005000000000000001,0.16189052770969428,-0.0343481591068424,0.12947229530231308,-15.0,0.0,0.0,-0.11000000000000003,3.561591609613274,1,False,True,False,1764685163.555008
63,24,-0.004427573427223487,0.0014243551291371153,-0.625,0.0,0.0,-0.005000000000000002,0.2389721433766829,-0.1062617622533637,0.034184523099290764,-15.0,0.0,0.0,-0.12000000000000004,5.7353314410403895,1,False,True,False,1764685216.9886122
64,45,-0.003401554961788867,0.005555076473515889,-0.3333333333333333,0.0,0.0,-0.005000000000000003,0.20980260750131505,-0.153069973280499,0.249978441308215,-15.0,0.0,0.0,-0.22500000000000012,9.441117337559177,1,False,True,False,1764685251.2901778
65,49,-0.003366101527007457,0.005873053793873172,0.0,0.0,0.0,-0.005000000000000003,0.08316489950476019,-0.1649389748233654,0.2877796358997854,0.0,0.0,0.0,-0.24500000000000013,4.07508007573325,0,False,True,False,1764685281.6324673
66,44,-0.004666251298487528,0.002039336770582048,-0.3409090909090909,0.0,0.0,-0.005000000000000003,0.06937488808574199,-0.20531505713345122,0.0897308179056101,-15.0,0.0,0.0,-0.2200000000000001,3.0524950757726477,1,False,True,False,1764685319.2603915
67,131,-0.004339432101221768,0.0021687849862825175,-0.22900763358778625,0.0,-0.015267175572519083,-0.005000000000000004,0.17299027043498294,-0.5684656052600516,0.2841108332030098,-30.0,0.0,-2.0,-0.6550000000000005,22.661725426982766,2,False,False,True,1764685367.497628
68,31,-0.0013506638335153238,0.07358570945119833,0.0,0.0,0.0,-0.005000000000000002,0.03585127548456443,-0.04187057883897504,2.2811569929871482,0.0,0.0,0.0,-0.15500000000000005,1.1113895400214975,0,True,False,False,1764685392.9203103
69,24,-0.006489651532791927,-0.0021519242907668454,-0.625,0.0,0.0,-0.005000000000000002,0.4693708524252307,-0.15575163678700624,-0.05164618297840429,-15.0,0.0,0.0,-0.12000000000000004,11.264900458205537,1,False,True,False,1764685439.0369425
70,60,-0.005856604547568534,-0.001157586910499279,0.0,0.0,-0.03333333333333333,-0.005000000000000003,0.24582895261562995,-0.35139627285411207,-0.06945521462995674,0.0,0.0,-2.0,-0.30000000000000016,14.749737156937798,0,False,False,True,1764685474.2235618
71,24,-0.0060365217086896,-0.001883808764699101,0.0,0.0,0.0,-0.005000000000000002,0.12804893248447444,-0.1448765210085504,-0.045211410352778425,0.0,0.0,0.0,-0.12000000000000004,3.0731743796273867,0,False,True,False,1764685520.2529001
72,8,-0.0007242831689207889,0.014165255343069838,-1.875,0.0,0.0,-0.005,0.2902174331558398,-0.005794265351366311,0.1133220427445587,-15.0,0.0,0.0,-0.04,2.3217394652467185,1,False,True,False,1764685549.9756763
73,14,-0.004297742815681992,0.14405388888294746,0.0,0.0,0.0,-0.004999999999999999,1.0934471461721243e-05,-0.06016839941954789,2.0167544443612644,0.0,0.0,0.0,-0.06999999999999999,0.0001530826004640974,0,True,False,False,1764685585.0653453
74,57,-0.005260894903430682,-0.0010417086433007138,0.0,0.0,0.0,-0.005000000000000003,0.043284789008611865,-0.2998710094955489,-0.05937739266814068,0.0,0.0,0.0,-0.28500000000000014,2.4672329734908764,0,False,True,False,1764685637.2208252
75,39,-0.004335981626185374,0.004571467841939457,-0.7692307692307693,0.0,-0.05128205128205128,-0.005000000000000003,0.22839870011682215,-0.1691032834212296,0.17828724583563882,-30.0,0.0,-2.0,-0.1950000000000001,8.907549304556063,2,False,False,True,1764685698.174147
76,46,-0.0007433385792826888,0.05817766990018445,0.0,0.0,0.0,-0.005000000000000003,0.0,-0.034193574647003684,2.6761728154084845,0.0,0.0,0.0,-0.23000000000000012,0.0,0,True,False,False,1764685731.70359
77,119,-0.0037932491583082847,0.018799220048728346,0.0,0.0,0.0,-0.005000000000000004,0.2598169381526808,-0.4513966498386859,2.2371071857986733,0.0,0.0,0.0,-0.5950000000000004,30.918215640169016,0,True,False,False,1764685854.4368634
78,30,-0.002799032178496633,0.005014640263476037,0.0,0.0,0.0,-0.005000000000000002,0.18866639461185736,-0.083970965354899,0.1504392079042811,0.0,0.0,0.0,-0.15000000000000005,5.659991838355721,0,False,True,False,1764685866.7339122
79,6,-0.003162004159960198,0.004412995101682878,-2.5,0.0,0.0,-0.005,0.4356439259524123,-0.018972024959761188,0.026477970610097268,-15.0,0.0,0.0,-0.030000000000000002,2.613863555714474,1,False,True,False,1764685898.0456986
80,18,-0.000994681008715455,0.010799243826863987,-0.8333333333333334,0.0,0.0,-0.005000000000000001,0.11841742286012133,-0.01790425815687819,0.19438638888355175,-15.0,0.0,0.0,-0.09000000000000001,2.131513611482184,1,False,True,False,1764685928.9849553
81,53,-0.0026526020111013234,0.005803854885599261,0.0,0.0,0.0,-0.005000000000000003,0.06296499119529038,-0.14058790658837014,0.30760430893676083,0.0,0.0,0.0,-0.2650000000000001,3.33714453335039,0,False,True,False,1764685978.7271109
82,30,-0.0047340274204317615,-0.0008549657823083405,0.0,0.0,0.0,-0.005000000000000002,0.0506999108370498,-0.14202082261295285,-0.025648973469250214,0.0,0.0,0.0,-0.15000000000000005,1.5209973251114939,0,False,True,False,1764686013.9084132
83,4,-0.0013392365701647196,0.010319141182345726,-3.75,0.0,0.0,-0.005,0.5637025585469475,-0.0053569462806588785,0.0412765647293829,-15.0,0.0,0.0,-0.02,2.25481023418779,1,False,True,False,1764686051.6171868
84,23,-0.0017450697676496233,0.007850836003719686,0.0,0.0,0.0,-0.005000000000000002,0.2973634280920402,-0.040136604655941335,0.18056922808555276,0.0,0.0,0.0,-0.11500000000000003,6.839358846116924,0,False,True,False,1764686077.966867
85,8,-0.0031891568527697713,0.004628550796168668,-1.875,0.0,0.0,-0.005,0.7952120544516608,-0.02551325482215817,0.03702840636934934,-15.0,0.0,0.0,-0.04,6.361696435613286,1,False,True,False,1764686119.0757046
86,117,-0.0018166169585510544,0.02508591189321379,0.0,0.0,0.0,-0.005000000000000004,0.1104439964537203,-0.21254418415047335,2.9350516915060134,0.0,0.0,0.0,-0.5850000000000004,12.921947585085276,0,True,False,False,1764686186.246793
87,28,-0.0006428117119221951,0.08592051098001949,0.0,0.0,0.0,-0.005000000000000002,0.0,-0.017998727933821464,2.4057743074405455,0.0,0.0,0.0,-0.14000000000000004,0.0,0,True,False,False,1764686211.3169289
88,27,-0.0032324867221291023,0.005989639998281783,-0.5555555555555556,0.0,0.0,-0.005000000000000001,0.07773539717492968,-0.08727714149748576,0.16172027995360816,-15.0,0.0,0.0,-0.13500000000000004,2.0988557237231014,1,False,True,False,1764686252.8197443
89,4,-0.0013781132867358525,0.006783966733749813,-3.75,0.0,0.0,-0.005,0.531822090561674,-0.00551245314694341,0.027135866934999253,-15.0,0.0,0.0,-0.02,2.127288362246696,1,False,True,False,1764686296.330962
90,210,-0.003659474014555553,0.0018992787839506346,-1.2857142857142858,0.0,0.0,-0.004999999999999998,0.25969236054555,-0.7684895430566662,0.39884854462963326,-270.0,0.0,0.0,-1.0499999999999996,54.5353957145655,18,False,True,False,1764686373.2748997
91,3,-0.002498949249906039,0.007006522314867351,-5.0,0.0,0.0,-0.005,0.5320656537649332,-0.007496847749718117,0.021019566944602053,-15.0,0.0,0.0,-0.015,1.5961969612947997,1,False,True,False,1764686409.3318505
92,45,-0.005769467911369368,-0.0006122728527151604,-0.3333333333333333,0.0,0.0,-0.005000000000000003,0.14441578825986634,-0.2596260560116216,-0.027552278372182215,-15.0,0.0,0.0,-0.22500000000000012,6.498710471693985,1,False,True,False,1764686451.0926573
93,69,-0.001747192392376111,0.006794680068021448,0.0,0.0,0.0,-0.005000000000000003,0.13302262938212936,-0.12055627507395165,0.4688329246934799,0.0,0.0,0.0,-0.3450000000000002,9.178561427366926,0,False,True,False,1764686665.3133616
94,44,-0.0020060621473858274,0.006873313536921267,0.0,0.0,0.0,-0.005000000000000003,0.05980230900041136,-0.0882667344849764,0.30242579562453575,0.0,0.0,0.0,-0.2200000000000001,2.6313015960181,0,False,True,False,1764686714.7074995
95,33,-0.00672915211716494,-0.010257484477333606,0.0,0.0,0.0,-0.005000000000000002,0.09158904911305038,-0.222062019866443,-0.338496987752009,0.0,0.0,0.0,-0.16500000000000006,3.0224386207306626,0,False,True,False,1764686760.6350093
96,74,-0.005122988749586912,-0.0009111281602255263,0.0,0.0,0.0,-0.005000000000000003,0.13624952186998138,-0.37910116746943145,-0.06742348385668895,0.0,0.0,0.0,-0.3700000000000002,10.082464618378621,0,False,True,False,1764686844.1948154
97,84,-0.006174596565390464,-0.001379097086839747,0.0,0.0,0.0,-0.005000000000000003,0.2934968430577604,-0.518666111492799,-0.11584415529453873,0.0,0.0,0.0,-0.42000000000000026,24.653734816851873,0,False,True,False,1764686888.5842237
98,66,-0.0020729532091259585,0.03919130727890974,0.0,0.0,0.0,-0.005000000000000003,0.0,-0.13681491180231325,2.5866262804080424,0.0,0.0,0.0,-0.3300000000000002,0.0,0,True,False,False,1764686942.0748034
99,244,-0.002538320881064143,0.015049031675528632,0.0,0.0,0.0,-0.004999999999999984,0.15209736669033835,-0.6193502949796509,3.6719637288289864,0.0,0.0,0.0,-1.219999999999996,37.111757472442555,0,True,False,False,1764687008.6114779
100,380,-0.003969506076184768,0.008045098301624832,0.0,0.0,0.0,-0.0049999999999999515,0.07822455612910104,-1.5084123089502117,3.057137354617436,0.0,0.0,0.0,-1.8999999999999815,29.725331329058395,0,True,False,False,1764687076.4124038
101,3,-0.003257720802302262,0.0038560991476805175,-5.0,0.0,0.0,-0.005,0.746734179742706,-0.009773162406906786,0.011568297443041553,-15.0,0.0,0.0,-0.015,2.2402025392281177,1,False,True,False,1764687077.2635567
102,103,-0.004447854963657849,0.005106382519318786,-0.14563106796116504,0.0,0.0,-0.005000000000000004,0.1953569315980538,-0.45812906125675845,0.525957399489835,-15.0,0.0,0.0,-0.5150000000000003,20.121763954599544,1,False,True,False,1764687170.9280772
103,85,-0.0019127442631385742,0.03370013912702283,0.0,0.0,0.0,-0.005000000000000003,0.08028625093983034,-0.1625832623667788,2.8645118257969404,0.0,0.0,0.0,-0.42500000000000027,6.824331329885579,0,True,False,False,1764687221.2829819
104,90,-0.006748679939675261,-0.009168758711297813,-0.6666666666666666,0.0,-0.022222222222222223,-0.005000000000000004,0.3050740197503377,-0.6073811945707734,-0.8251882840168032,-60.0,0.0,-2.0,-0.4500000000000003,27.456661777530392,4,False,False,True,1764687368.1323879
105,20,-0.005823762907794421,-0.003073452946533761,0.0,0.0,0.0,-0.005000000000000001,0.3716881146987867,-0.11647525815588843,-0.061469058930675224,0.0,0.0,0.0,-0.10000000000000002,7.433762293975734,0,False,True,False,1764687423.5773056
106,7,-0.001541357522017247,0.010311391867574697,-2.142857142857143,0.0,0.0,-0.005,0.26716125412558805,-0.01078950265412073,0.07217974307302288,-15.0,0.0,0.0,-0.035,1.8701287788791165,1,False,True,False,1764687451.0892873
107,40,-0.004247198850101281,0.0011164016491871849,0.0,0.0,0.0,-0.005000000000000003,0.12230464889952605,-0.16988795400405124,0.04465606596748739,0.0,0.0,0.0,-0.2000000000000001,4.892185955981042,0,False,True,False,1764687493.4340806
108,69,-0.00235596479398622,0.0355018517508153,0.0,0.0,0.0,-0.005000000000000003,0.11036944107953836,-0.16256157078504918,2.4496277708062557,0.0,0.0,0.0,-0.3450000000000002,7.615491434488147,0,True,False,False,1764687546.252102
109,67,-0.007397418037496183,-0.007172994245077727,-0.22388059701492538,0.0,0.0,-0.005000000000000003,0.26968169849431073,-0.4956270085122442,-0.4805906144202077,-15.0,0.0,0.0,-0.3350000000000002,18.06867379911882,1,False,True,False,1764687576.1817968
110,50,-0.0066009122751967495,-0.0031405966676299225,0.0,0.0,0.0,-0.005000000000000002,0.11400881462009513,-0.3300456137598375,-0.15702983338149612,0.0,0.0,0.0,-0.2500000000000001,5.700440731004757,0,False,True,False,1764687593.674907
111,50,-0.0011463925661698874,0.0541546558520862,0.0,0.0,0.0,-0.005000000000000002,0.02073452177893107,-0.057319628308494366,2.70773279260431,0.0,0.0,0.0,-0.2500000000000001,1.0367260889465535,0,True,False,False,1764687649.4367797
112,143,-0.00624616540414048,-0.0044850272406769,-1.8881118881118881,0.0,-0.013986013986013986,-0.005000000000000004,0.3944047793847037,-0.8932016527920887,-0.6413588954167967,-270.0,0.0,-2.0,-0.7150000000000005,56.39988345201263,18,False,False,True,1764687696.9188983
113,85,-0.005523606554046692,-0.0010353106825004127,-0.17647058823529413,0.0,0.0,-0.005000000000000003,0.15081504980728294,-0.4695065570939688,-0.08800140801253509,-15.0,0.0,0.0,-0.42500000000000027,12.81927923361905,1,False,True,False,1764687749.9083273
114,33,-0.007787649109396718,-0.006571642081823888,-0.45454545454545453,0.0,0.0,-0.005000000000000002,0.3982575349126675,-0.2569924206100917,-0.2168641887001883,-15.0,0.0,0.0,-0.16500000000000006,13.142498652118029,1,False,True,False,1764687789.0969536
115,33,-0.0006556401460073309,0.012429290835271297,0.0,0.0,0.0,-0.005000000000000002,0.13359621274310726,-0.02163612481824192,0.4101665975639528,0.0,0.0,0.0,-0.16500000000000006,4.40867502052254,0,False,True,False,1764687846.5821095
116,174,-0.0020056658575146897,0.01964835694435191,0.0,0.0,0.0,-0.005000000000000004,0.11265399191041309,-0.34898585920755604,3.4188141083172328,0.0,0.0,0.0,-0.8700000000000007,19.601794592411878,0,True,False,False,1764687940.093541
117,66,-0.0030550310570349533,0.0341016607260982,0.0,0.0,0.0,-0.005000000000000003,0.059186020169572716,-0.20163204976430693,2.2507096079224813,0.0,0.0,0.0,-0.3300000000000002,3.906277331191799,0,True,False,False,1764687952.8335826
118,5,-0.00172298893431359,0.011200702667429275,-3.0,0.0,0.0,-0.005,0.45290809174881225,-0.00861494467156795,0.05600351333714637,-15.0,0.0,0.0,-0.025,2.264540458744061,1,False,True,False,1764688118.064474
119,66,-0.0064227576896982415,-0.0028318819828601813,0.0,0.0,0.0,-0.005000000000000003,0.042189311456918746,-0.42390200752008395,-0.18690421086877196,0.0,0.0,0.0,-0.3300000000000002,2.784494556156637,0,False,True,False,1764688183.97119
120,1,-0.00044358112717512874,2.0,0.0,0.0,0.0,-0.005,0.0,-0.00044358112717512874,2.0,0.0,0.0,0.0,-0.005,0.0,0,True,False,False,1764688208.0295227
121,7,-0.002438631477094967,0.006737342364023442,-2.142857142857143,0.0,0.0,-0.005,0.3577301761214685,-0.017070420339664768,0.04716139654816409,-15.0,0.0,0.0,-0.035,2.5041112328502795,1,False,True,False,1764688270.0237138
122,31,-0.0007442628791418637,0.07370959581821954,0.0,0.0,0.0,-0.005000000000000002,0.0,-0.023072149253397775,2.2849974703648055,0.0,0.0,0.0,-0.15500000000000005,0.0,0,True,False,False,1764688309.133061
123,18,-0.0010659687020273278,0.006594504847190868,-0.8333333333333334,0.0,0.0,-0.005000000000000001,0.1137802967852885,-0.0191874366364919,0.11870108724943562,-15.0,0.0,0.0,-0.09000000000000001,2.048045342135193,1,False,True,False,1764688362.643776
124,82,-0.006249105225221437,-0.003508929634929878,0.0,0.0,0.0,-0.005000000000000003,0.0818473528464135,-0.5124266284681578,-0.28773223006424997,0.0,0.0,0.0,-0.41000000000000025,6.7114829334059065,0,False,True,False,1764688447.3295238
125,35,-0.0028592039836361285,0.00014817823920741777,0.0,0.0,0.0,-0.005000000000000002,0.25695421635426235,-0.1000721394272645,0.005186238372259622,0.0,0.0,0.0,-0.17500000000000007,8.993397572399182,0,False,True,False,1764688474.0504856
126,28,-0.000618314611341045,0.01463049757035564,0.0,0.0,-0.07142857142857142,-0.005000000000000002,0.11810327087755623,-0.01731280911754926,0.4096539319699579,0.0,0.0,-2.0,-0.14000000000000004,3.3068915845715745,0,False,False,True,1764688504.5114489
127,8,-0.0023382139959606113,0.005623117520180021,-1.875,0.0,0.0,-0.005,0.38105539574644703,-0.01870571196768489,0.04498494016144017,-15.0,0.0,0.0,-0.04,3.0484431659715763,1,False,True,False,1764688541.8016286
128,214,-0.002533663212113188,0.015949134563246075,0.0,0.0,0.0,-0.004999999999999996,0.08583574162135248,-0.5422039273922222,3.4131147965346598,0.0,0.0,0.0,-1.0699999999999992,18.36884870696943,0,True,False,False,1764688614.5594509
129,28,-0.004069487830906241,0.0015107914679923149,0.0,0.0,0.0,-0.005000000000000002,0.16243026569941138,-0.11394565926537474,0.04230216110378482,0.0,0.0,0.0,-0.14000000000000004,4.548047439583518,0,False,True,False,1764688620.9915013
130,13,-0.0005706853952423958,0.16289176219127982,0.0,0.0,0.0,-0.004999999999999999,0.34152528900944723,-0.007418910138151145,2.1175929084866376,0.0,0.0,0.0,-0.06499999999999999,4.439828757122814,0,True,False,False,1764688659.8331096
131,16,-0.0023275904412120244,0.005182718485991583,-0.9375,0.0,0.0,-0.005,0.13538137239438539,-0.03724144705939239,0.08292349577586533,-15.0,0.0,0.0,-0.08,2.166101958310166,1,False,True,False,1764688693.9177504
132,67,-0.0016835227474417261,0.03812053416230494,0.0,0.0,0.0,-0.005000000000000003,0.2607603669585022,-0.11279602407859565,2.5540757888744308,0.0,0.0,0.0,-0.3350000000000002,17.470944586219648,0,True,False,False,1764688755.3408382
133,62,-0.0008555610037775419,0.012076502942124671,-0.24193548387096775,0.0,0.0,-0.005000000000000003,0.1501518655961946,-0.053044782234207596,0.7487431824117297,-15.0,0.0,0.0,-0.31000000000000016,9.309415666964064,1,False,True,False,1764688904.119553
134,25,-0.004034805612027981,-0.0011492482158751028,-0.6,0.0,0.0,-0.005000000000000001,0.25505356691385883,-0.10087014030069953,-0.028731205396877568,-15.0,0.0,0.0,-0.12500000000000003,6.376339172846471,1,False,True,False,1764688931.7515318
135,35,-0.005034172800429125,-0.0004012746684459469,-0.42857142857142855,0.0,0.0,-0.005000000000000002,0.13278339193490463,-0.17619604801501937,-0.014044613395608141,-15.0,0.0,0.0,-0.17500000000000007,4.647418717721662,1,False,True,False,1764688980.8294249
136,58,-0.0007123501278028838,0.013128217649728172,-0.25862068965517243,0.0,0.0,-0.005000000000000003,0.1806417689793439,-0.04131630741256726,0.7614366236842339,-15.0,0.0,0.0,-0.29000000000000015,10.477222600801946,1,False,True,False,1764689043.1839635
137,87,-0.0052065390561409,-0.0016286932457880608,0.0,0.0,-0.022988505747126436,-0.005000000000000004,0.26404997444841444,-0.45296889788425826,-0.14169631238356128,0.0,0.0,-2.0,-0.4350000000000003,22.972347777012057,0,False,False,True,1764689104.6617649
138,48,-0.0018566051613773673,0.04775970318686412,0.0,0.0,0.0,-0.005000000000000003,0.12874152472840486,-0.08911704774611363,2.292465752969478,0.0,0.0,0.0,-0.24000000000000013,6.179593186963434,0,True,False,False,1764689138.4231732
139,17,-0.0070761847882129525,-0.004179981499565699,-0.8823529411764706,0.0,0.0,-0.005,0.5143463666399049,-0.12029514139962019,-0.07105968549261688,-15.0,0.0,0.0,-0.085,8.743888232878383,1,False,True,False,1764689179.09037
140,51,-0.0007372827790572292,0.054322410534798346,0.0,0.0,0.0,-0.005000000000000002,0.01228191048050244,-0.03760142173191869,2.7704429372747157,0.0,0.0,0.0,-0.2550000000000001,0.6263774345056244,0,True,False,False,1764689218.6432152
141,84,-0.006159775722726401,-0.0027646128427571506,0.0,0.0,0.0,-0.005000000000000003,0.13283397090147514,-0.5174211607090177,-0.23222747879160066,0.0,0.0,0.0,-0.42000000000000026,11.158053555723912,0,False,True,False,1764689260.611583
142,73,-0.004714532982153157,0.0020786914895111457,-0.2054794520547945,0.0,0.0,-0.005000000000000003,0.1284222917705397,-0.34416090769718044,0.15174447873431363,-15.0,0.0,0.0,-0.3650000000000002,9.374827299249398,1,False,True,False,1764689297.9028585
143,5,-0.004255730364269867,0.001027822626150998,-3.0,0.0,0.0,-0.005,0.536651855552396,-0.021278651821349335,0.005139113130754991,-15.0,0.0,0.0,-0.025,2.68325927776198,1,False,True,False,1764689343.0834165
144,82,-0.00540362410010843,-0.0004209034396211142,0.0,0.0,-0.024390243902439025,-0.005000000000000003,0.13233629063295752,-0.4430971762088913,-0.03451408204893136,0.0,0.0,-2.0,-0.41000000000000025,10.851575831902517,0,False,False,True,1764689421.574817
145,13,-0.0003563876210650364,0.16471037059031307,0.0,0.0,0.0,-0.004999999999999999,0.0,-0.004633039073845473,2.14123481767407,0.0,0.0,0.0,-0.06499999999999999,0.0,0,True,False,False,1764689469.3266983
146,52,-0.0021700977215921074,0.004077783179537809,0.0,0.0,0.0,-0.005000000000000003,0.414018475586099,-0.11284508152278958,0.21204472533596608,0.0,0.0,0.0,-0.2600000000000001,21.52896073047715,0,False,True,False,1764689714.9195008
147,48,-0.006385339587201316,-0.0016547681301451178,0.0,0.0,-0.041666666666666664,-0.005000000000000003,0.1123601984033024,-0.30649630018566315,-0.07942887024696565,0.0,0.0,-2.0,-0.24000000000000013,5.393289523358515,0,False,False,True,1764689789.0219648
148,19,-0.0007803205846169667,0.0118836266061926,-0.7894736842105263,0.0,0.0,-0.005000000000000001,0.08881147168231925,-0.014826091107722369,0.2257889055176594,-15.0,0.0,0.0,-0.09500000000000001,1.6874179619640657,1,False,True,False,1764689861.436984
149,92,-0.004396423160951432,0.00033477485612434197,0.0,0.0,-0.021739130434782608,-0.005000000000000004,0.15467949124508565,-0.4044709308075317,0.03079928676343946,0.0,0.0,-2.0,-0.4600000000000003,14.23051319454788,0,False,False,True,1764689919.1368563
150,3,-0.002173192730251057,0.008374454624067293,-5.0,0.0,0.0,-0.005,0.8029262401526704,-0.006519578190753172,0.025123363872201876,-15.0,0.0,0.0,-0.015,2.4087787204580113,1,False,True,False,1764689946.5703063
151,45,-0.004005976294312356,0.0014081446512557753,-0.3333333333333333,0.0,0.0,-0.005000000000000003,0.07457226554494888,-0.18026893324405602,0.06336650930650989,-15.0,0.0,0.0,-0.22500000000000012,3.3557519495226993,1,False,True,False,1764689988.9407263
152,23,-0.007019464451529503,-0.011965015931825253,-7.173913043478261,0.0,0.0,-0.005000000000000002,0.7705420284013177,-0.16144768238517856,-0.27519536643198084,-165.0,0.0,0.0,-0.11500000000000003,17.722466653230306,11,False,True,False,1764690046.1431782
153,29,-0.00417712898236408,5.896500070760151e-05,-0.5172413793103449,0.0,0.0,-0.005000000000000002,0.08473826566380081,-0.12113674048855833,0.0017099850205204437,-15.0,0.0,0.0,-0.14500000000000005,2.4574097042502236,1,False,True,False,1764690078.861969
154,6,-0.004104619837743971,0.0012977234761480383,-2.5,0.0,0.0,-0.005,0.38834231819859366,-0.024627719026463823,0.00778634085688823,-15.0,0.0,0.0,-0.030000000000000002,2.330053909191562,1,False,True,False,1764690142.1860003
155,27,-0.006978969552100238,-0.011373339987818561,-0.5555555555555556,0.0,0.0,-0.005000000000000001,0.33928940690507836,-0.1884321779067064,-0.30708017967110113,-15.0,0.0,0.0,-0.13500000000000004,9.160813986437116,1,False,True,False,1764690190.3913875
156,132,-0.0007662099046126656,0.020998148908136095,0.0,0.0,0.0,-0.005000000000000004,0.05980402666549922,-0.10113970740887186,2.7717556558739647,0.0,0.0,0.0,-0.6600000000000005,7.894131519845898,0,True,False,False,1764690434.331233
157,56,-0.001842940866776398,0.004185428688517757,-0.26785714285714285,0.0,0.0,-0.005000000000000003,0.22145349642453113,-0.10320468853947828,0.23438400655699443,-15.0,0.0,0.0,-0.28000000000000014,12.401395799773743,1,False,True,False,1764690461.70486
158,42,-0.0037790023859096238,0.0014937123651718389,-0.35714285714285715,0.0,0.0,-0.005000000000000003,0.1878155770281471,-0.1587181002082042,0.06273591933721723,-15.0,0.0,0.0,-0.2100000000000001,7.8882542351821785,1,False,True,False,1764690514.58103
159,97,-0.005590293247699339,-0.001836249195091729,0.0,0.0,0.0,-0.005000000000000004,0.2443359128155473,-0.5422584450268358,-0.17811617192389773,0.0,0.0,0.0,-0.4850000000000003,23.70058354310809,0,False,True,False,1764690576.3654861
160,83,-0.0009998520796473476,0.03915081179339402,0.0,0.0,0.0,-0.005000000000000003,0.15493660820648017,-0.08298772261072986,3.2495173788517033,0.0,0.0,0.0,-0.41500000000000026,12.859738481137853,0,True,False,False,1764690617.735906
161,6,-0.003754141243271824,0.0020406593021724353,-2.5,0.0,0.0,-0.005,0.4397210454667723,-0.022524847459630945,0.012243955813034613,-15.0,0.0,0.0,-0.030000000000000002,2.638326272800634,1,False,True,False,1764690649.6049902
162,40,-0.00532799392444037,-0.005002360893974172,-0.375,0.0,0.0,-0.005000000000000003,0.1923725730006007,-0.21311975697761482,-0.2000944357589669,-15.0,0.0,0.0,-0.2000000000000001,7.694902920024028,1,False,True,False,1764690682.0976925
163,4,-0.0015360029439416382,0.007592017804878379,-3.75,0.0,0.0,-0.005,0.4485493686800861,-0.006144011775766553,0.030368071219513515,-15.0,0.0,0.0,-0.02,1.7941974747203444,1,False,True,False,1764690713.558976
164,133,-0.0019277160154069631,0.007518082496838369,-0.11278195488721804,0.0,0.0,-0.005000000000000004,0.2243774462257603,-0.2563862300491261,0.999904972079503,-15.0,0.0,0.0,-0.6650000000000005,29.84220034802612,1,False,True,False,1764690774.4492497
165,11,-0.006066612279387095,-0.007437201043623342,-1.3636363636363635,0.0,0.0,-0.004999999999999999,0.2211869755808692,-0.06673273507325804,-0.08180921147985676,-15.0,0.0,0.0,-0.05499999999999999,2.433056731389561,1,False,True,False,1764690801.5640526
166,50,-0.00045342485365980535,0.013374909614211408,-0.3,0.0,0.0,-0.005000000000000002,0.03955270013056637,-0.022671242682990266,0.6687454807105704,-15.0,0.0,0.0,-0.2500000000000001,1.9776350065283188,1,False,True,False,1764690843.4383452
167,3,-0.0020744910208043313,0.006874841392908948,-5.0,0.0,0.0,-0.005,0.7807169814615258,-0.006223473062412993,0.020624524178726844,-15.0,0.0,0.0,-0.015,2.3421509443845774,1,False,True,False,1764690872.3453562
168,50,-0.0007826920381801277,0.05171092908060968,0.0,0.0,0.0,-0.005000000000000002,0.12454181935321611,-0.03913460190900638,2.585546454030484,0.0,0.0,0.0,-0.2500000000000001,6.227090967660805,0,True,False,False,1764690926.4989483
169,18,-0.002887554915267542,0.004920761120125049,-0.8333333333333334,0.0,0.0,-0.005000000000000001,0.1338442214974166,-0.05197598847481576,0.08857370016225088,-15.0,0.0,0.0,-0.09000000000000001,2.409195986953499,1,False,True,False,1764690948.4759367
170,17,-0.0026026056584736333,0.00788100001514952,-0.8823529411764706,0.0,0.0,-0.005,0.2936462103550158,-0.04424429619405176,0.13397700025754183,-15.0,0.0,0.0,-0.085,4.991985576035269,1,False,True,False,1764690978.038588
171,17,-0.004694744925003774,-0.0009393831751841673,-0.8823529411764706,0.0,0.0,-0.005,0.14339794113306958,-0.07981066372506415,-0.015969513978130845,-15.0,0.0,0.0,-0.085,2.437764999262183,1,False,True,False,1764691018.0635822
172,28,-0.00036746515156023976,0.08699076630850103,0.0,0.0,0.0,-0.005000000000000002,0.002926570501431718,-0.010289024243686714,2.435741456638029,0.0,0.0,0.0,-0.14000000000000004,0.0819439740400881,0,True,False,False,1764691044.827047
173,156,-0.003776906092811724,0.0012075691143779176,0.0,0.0,0.0,-0.005000000000000004,0.21233567657886981,-0.589197350478629,0.18838078184295515,0.0,0.0,0.0,-0.7800000000000006,33.12436554630369,0,False,True,False,1764691106.5219982
174,51,-0.0008576802986916038,0.01451281333482044,-0.29411764705882354,0.0,0.0,-0.005000000000000002,0.13703291660582526,-0.043741695233271795,0.7401534800758425,-15.0,0.0,0.0,-0.2550000000000001,6.988678746897088,1,False,True,False,1764691209.9666924
175,87,-0.004813397369541771,-0.0003637963616085763,0.0,0.0,0.0,-0.005000000000000004,0.22113862859405792,-0.4187655711501341,-0.03165028345994614,0.0,0.0,0.0,-0.4350000000000003,19.23906068768304,0,False,True,False,1764691277.9851182
176,275,-0.001488978916178214,0.012758712961050044,0.0,0.0,0.0,-0.004999999999999973,0.0944588803153948,-0.4094692019490088,3.508646064288762,0.0,0.0,0.0,-1.3749999999999927,25.976192086733572,0,True,False,False,1764691378.7158263
177,125,-0.0017336212035005904,0.00492310730304525,0.0,0.0,0.0,-0.005000000000000004,0.20202614477016612,-0.2167026504375738,0.6153884128806563,0.0,0.0,0.0,-0.6250000000000004,25.253268096270766,0,False,True,False,1764691405.771471
178,46,-0.0027578184315199847,0.0038055367305761608,-0.32608695652173914,0.0,0.0,-0.005000000000000003,0.4597997784084111,-0.1268596478499193,0.1750546896065034,-15.0,0.0,0.0,-0.23000000000000012,21.15078980678691,1,False,True,False,1764691426.9315047
179,181,-0.0029067939076397958,0.01566541259976004,-0.08287292817679558,0.0,0.0,-0.005000000000000004,0.16512970121586779,-0.526129697282803,2.8354396805565676,-15.0,0.0,0.0,-0.9050000000000007,29.88847592007207,1,True,False,False,1764691506.5217469
180,38,-0.0018157341744501887,0.005547125720175519,0.0,0.0,0.0,-0.005000000000000002,0.04757818695600844,-0.06899789862910717,0.21079077736666973,0.0,0.0,0.0,-0.19000000000000009,1.8079711043283206,0,False,True,False,1764691530.4240673
181,22,-0.0017067993631636074,0.007495079054215769,-0.6818181818181818,0.0,0.0,-0.005000000000000001,0.0918331137705898,-0.037549585989599364,0.1648917391927469,-15.0,0.0,0.0,-0.11000000000000003,2.0203285029529754,1,False,True,False,1764691595.708043
182,7,-0.0028246338542137913,0.004290890414606904,-2.142857142857143,0.0,0.0,-0.005,0.5255182619196824,-0.01977243697949654,0.030036232902248328,-15.0,0.0,0.0,-0.035,3.678627833437777,1,False,True,False,1764691631.385789
183,48,-0.0009473091609791604,0.012065337556476178,-0.3125,0.0,0.0,-0.005000000000000003,0.3303277207079874,-0.045470839726999696,0.5791362027108565,-15.0,0.0,0.0,-0.24000000000000013,15.855730593983395,1,False,True,False,1764691714.4239662
184,48,-0.005396698448952902,-0.0018166065214802439,-0.3125,0.0,0.0,-0.005000000000000003,0.38866212554147656,-0.2590415255497393,-0.08719711303105171,-15.0,0.0,0.0,-0.24000000000000013,18.655782025990874,1,False,True,False,1764691779.4911315
185,190,-0.001284978973560831,0.01650723565930884,0.0,0.0,0.0,-0.005000000000000004,0.09403653367893262,-0.2441460049765579,3.1363747752686795,0.0,0.0,0.0,-0.9500000000000007,17.8669413989972,0,True,False,False,1764692014.3074906
186,48,-0.007036556240291061,-0.010331493917995723,0.0,0.0,-0.041666666666666664,-0.005000000000000003,0.7744629491874283,-0.3377546995339709,-0.4959117080637947,0.0,0.0,-2.0,-0.24000000000000013,37.17422156099656,0,False,False,True,1764692033.3896034
187,212,-0.0016039926182341115,0.013785883255595629,0.0,0.0,0.0,-0.0049999999999999975,0.09204505291104428,-0.34004643506563165,2.922607250186273,0.0,0.0,0.0,-1.0599999999999994,19.513551217141387,0,True,False,False,1764692116.0545907
188,63,-0.0024586738427048445,0.0034748423372496103,-1.6666666666666667,0.0,0.0,-0.005000000000000003,0.2438914646850727,-0.1548964520904052,0.21891506724672544,-105.0,0.0,0.0,-0.31500000000000017,15.36516227515958,7,False,True,False,1764692153.6704664
189,46,-0.0006254501666484002,0.04877861018506067,0.0,0.0,0.0,-0.005000000000000003,0.05422634653291781,-0.02877070766582641,2.243816068512791,0.0,0.0,0.0,-0.23000000000000012,2.4944119405142193,0,True,False,False,1764692198.664067
190,26,-0.0030658723131036796,0.0033833771667817333,0.0,0.0,-0.07692307692307693,-0.005000000000000001,0.10894823062183517,-0.07971268014069567,0.08796780633632506,0.0,0.0,-2.0,-0.13000000000000003,2.8326539961677146,0,False,False,True,1764692251.372474
191,232,-0.000656291017875712,0.013991958360507385,0.0,0.0,0.0,-0.004999999999999988,0.033347119265525506,-0.15225951614716518,3.246134339637713,0.0,0.0,0.0,-1.1599999999999973,7.736531669601917,0,True,False,False,1764692329.455171
192,10,-0.0011333086630567165,0.01089650662701871,-1.5,0.0,0.0,-0.004999999999999999,0.23066897106263973,-0.011333086630567165,0.1089650662701871,-15.0,0.0,0.0,-0.049999999999999996,2.3066897106263973,1,False,True,False,1764692355.2959447
193,3,-0.0034174935553882607,0.002995763154850802,-5.0,0.0,0.0,-0.005,0.618290974212229,-0.010252480666164783,0.008987289464552406,-15.0,0.0,0.0,-0.015,1.854872922636687,1,False,True,False,1764692413.210387
194,171,-0.00431001190518356,0.0014430593977088528,0.0,0.0,0.0,-0.005000000000000004,0.24850853130534417,-0.7370120357863887,0.24676315700821383,0.0,0.0,0.0,-0.8550000000000006,42.49495885321385,0,False,True,False,1764692498.4796422
195,7,-0.0009062293626844215,0.012778467576381727,-2.142857142857143,0.0,0.0,-0.005,0.2841855312033281,-0.006343605538790951,0.0894492730346721,-15.0,0.0,0.0,-0.035,1.9892987184232969,1,False,True,False,1764692533.1418333
196,280,-0.00435155688673441,0.00999710324997055,0.0,0.0,0.0,-0.004999999999999972,0.17562156442753254,-1.218435928285635,2.799188909991754,0.0,0.0,0.0,-1.3999999999999921,49.17403803970911,0,True,False,False,1764692717.693551
197,18,-0.0017768060034453856,0.011909488427490919,-0.8333333333333334,0.0,0.0,-0.005000000000000001,0.12125755017492991,-0.03198250806201694,0.21437079169483653,-15.0,0.0,0.0,-0.09000000000000001,2.1826359031487383,1,False,True,False,1764692729.8283162
198,12,-0.0007707484441421106,0.010325630106563566,-1.25,0.0,0.0,-0.004999999999999999,0.30268246325410814,-0.009248981329705327,0.12390756127876279,-15.0,0.0,0.0,-0.05999999999999999,3.6321895590492974,1,False,True,False,1764692763.7980313
199,74,-0.0016778993548724214,0.007588364361832403,0.0,0.0,-0.02702702702702703,-0.005000000000000003,0.3770798004965188,-0.12416455226055918,0.5615389627755978,0.0,0.0,-2.0,-0.3700000000000002,27.90390523674239,0,False,False,True,1764692832.914
200,4,-0.0004549726211665905,0.012758644949954157,-3.75,0.0,0.0,-0.005,0.543500652329358,-0.001819890484666362,0.051034579799816626,-15.0,0.0,0.0,-0.02,2.174002609317432,1,False,True,False,1764692858.7957573
201,17,-0.001282625269089815,0.01284555674844124,0.0,0.0,0.0,-0.005,0.2529346708386461,-0.021804629574526856,0.21837446472350108,0.0,0.0,0.0,-0.085,4.299889404256984,0,False,True,False,1764692894.6183603
202,18,-0.0027439520453757826,0.0014315848698249756,-0.8333333333333334,0.0,0.0,-0.005000000000000001,0.1368841412629487,-0.04939113681676409,0.02576852765684956,-15.0,0.0,0.0,-0.09000000000000001,2.4639145427330766,1,False,True,False,1764692925.299079
203,11,-0.002709198751731499,0.00795117232925739,-1.3636363636363635,0.0,0.0,-0.004999999999999999,0.26637730906686896,-0.02980118626904649,0.0874628956218313,-15.0,0.0,0.0,-0.05499999999999999,2.9301503997355587,1,False,True,False,1764692971.1459086
204,35,-0.0025130268026225372,0.0028069206259059066,0.0,0.0,0.0,-0.005000000000000002,0.22853203176027073,-0.0879559380917888,0.09824222190670673,0.0,0.0,0.0,-0.17500000000000007,7.998621111609475,0,False,True,False,1764693032.5427918
205,17,-0.0013146300699556708,0.008809583714541698,-0.8823529411764706,0.0,0.0,-0.005,0.14633979318703677,-0.022348711189246404,0.14976292314720885,-15.0,0.0,0.0,-0.085,2.487776484179625,1,False,True,False,1764693091.787008
206,22,-0.0010406370973228358,0.0104498281161566,-0.6818181818181818,0.0,0.0,-0.005000000000000001,0.10549303175945975,-0.02289401614110239,0.22989621855544518,-15.0,0.0,0.0,-0.11000000000000003,2.3208466987081144,1,False,True,False,1764693139.9326353
207,7,-0.0010866209456177117,0.011998528429534425,-2.142857142857143,0.0,0.0,-0.005,0.5918912432480052,-0.007606346619323982,0.08398969900674097,-15.0,0.0,0.0,-0.035,4.143238702736037,1,False,True,False,1764693168.0283353
208,129,-0.004191608150934588,0.0003089391677750117,0.0,0.0,0.0,-0.005000000000000004,0.0678968610471563,-0.5407174514705618,0.03985315264297651,0.0,0.0,0.0,-0.6450000000000005,8.758695075083162,0,False,True,False,1764693232.3823056
209,6,-0.0023034774509448496,0.006546207119131453,-2.5,0.0,0.0,-0.005,0.4395000805590296,-0.013820864705669098,0.03927724271478872,-15.0,0.0,0.0,-0.030000000000000002,2.6370004833541776,1,False,True,False,1764693269.006915
210,17,-0.0007286301186351829,0.015407514717325717,-0.8823529411764706,0.0,0.0,-0.005,0.17525718747771907,-0.01238671201679811,0.2619277501945372,-15.0,0.0,0.0,-0.085,2.979372187121224,1,False,True,False,1764693301.2661555
211,14,-0.0014030364086692314,0.012734725122619148,0.0,0.0,0.0,-0.004999999999999999,0.12757196400994875,-0.019642509721369238,0.17828615171666806,0.0,0.0,0.0,-0.06999999999999999,1.7860074961392824,0,False,True,False,1764693349.467874
212,42,-0.0014801225418659854,0.011112209438116916,-4.642857142857143,0.0,0.0,-0.005000000000000003,0.38002193166335596,-0.062165146758371384,0.46671279640091046,-195.0,0.0,0.0,-0.2100000000000001,15.960921129860951,13,False,True,False,1764693494.9396467
213,171,-0.0011431945297674785,0.017193478894808822,0.0,0.0,0.0,-0.005000000000000004,0.16100263257362385,-0.19548626459023882,2.9400848910123085,0.0,0.0,0.0,-0.8550000000000006,27.53145017008968,0,True,False,False,1764693573.8001206
214,6,-0.003002739839762862,0.005737709121257077,-2.5,0.0,0.0,-0.005,0.550722911742667,-0.01801643903857717,0.03442625472754246,-15.0,0.0,0.0,-0.030000000000000002,3.3043374704560016,1,False,True,False,1764693605.2443118
215,4,-0.001459352149552912,0.011294993549347043,-3.75,0.0,0.0,-0.005,0.48254556338356963,-0.005837408598211648,0.04517997419738817,-15.0,0.0,0.0,-0.02,1.9301822535342785,1,False,True,False,1764693642.400779
216,32,-0.00041304045938422986,0.07860980889323299,0.0,0.0,0.0,-0.005000000000000002,0.004426351886181165,-0.013217294700295356,2.5155138845834557,0.0,0.0,0.0,-0.16000000000000006,0.14164326035779728,0,True,False,False,1764693682.8848584
217,39,-0.00038062853907573933,0.06852240225520938,0.0,0.0,0.0,-0.005000000000000003,0.0,-0.014844513023953834,2.672373687953166,0.0,0.0,0.0,-0.1950000000000001,0.0,0,True,False,False,1764693722.8854258
218,7,-0.004527502155737021,-0.0006259715893063447,-6.428571428571429,0.0,0.0,-0.005,0.5652514549717182,-0.03169251509015914,-0.004381801125144413,-45.0,0.0,0.0,-0.035,3.956760184802028,3,False,True,False,1764693766.275506
219,5,-0.0008797393141883521,0.009657779674408284,-3.0,0.0,0.0,-0.005,0.6043733156384137,-0.0043986965709417606,0.04828889837204142,-15.0,0.0,0.0,-0.025,3.021866578192068,1,False,True,False,1764693824.316872
220,80,-0.003132267927156597,0.0023203132760439725,0.0,0.0,0.0,-0.005000000000000003,0.20079036202326997,-0.25058143417252776,0.1856250620835178,0.0,0.0,0.0,-0.40000000000000024,16.063228961861597,0,False,True,False,1764693888.302356
221,48,-0.0007187854478915699,0.05908728978236751,0.0,0.0,0.0,-0.005000000000000003,0.0,-0.034501701498795355,2.8361899095536405,0.0,0.0,0.0,-0.24000000000000013,0.0,0,True,False,False,1764693934.169158
222,126,-0.000982673659904428,0.02513068927707336,0.0,0.0,0.0,-0.005000000000000004,0.06350680581874014,-0.12381688114795793,3.1664668489112433,0.0,0.0,0.0,-0.6300000000000004,8.001857533161258,0,True,False,False,1764694008.5536394
223,174,-0.005074888832998139,-0.001136193608816781,0.0,0.0,-0.011494252873563218,-0.005000000000000004,0.1528566867058937,-0.8830306569416762,-0.1976976879341199,0.0,0.0,-2.0,-0.8700000000000007,26.5970634868255,0,False,False,True,1764694073.7132974
224,50,-0.002932964847688329,0.0048102242458976764,-0.3,0.0,0.0,-0.005000000000000002,0.25543564568099425,-0.14664824238441646,0.2405112122948838,-15.0,0.0,0.0,-0.2500000000000001,12.771782284049713,1,False,True,False,1764694105.2094507
225,89,-0.004650185616482416,0.0003710041069973205,-0.16853932584269662,0.0,0.0,-0.005000000000000004,0.08230280660061828,-0.413866519866935,0.033019365522761523,-15.0,0.0,0.0,-0.4450000000000003,7.324949787455028,1,False,True,False,1764694301.1627932
226,193,-0.003067999416202133,0.0010724285544243379,-0.46632124352331605,0.0,0.0,-0.005000000000000004,0.12417825891888766,-0.5921238873270117,0.2069787110038972,-90.0,0.0,0.0,-0.9650000000000007,23.96640397134532,6,False,True,False,1764694378.0381818
227,6,-0.0063419536101833535,-0.0028044557214526034,0.0,0.0,-0.3333333333333333,-0.005,0.17631271655250982,-0.03805172166110012,-0.01682673432871562,0.0,0.0,-2.0,-0.030000000000000002,1.057876299315059,0,False,False,True,1764694399.573857
228,310,-0.0021193791269950844,0.009944757639239537,0.0,0.0,0.0,-0.0049999999999999645,0.18017130432006165,-0.6570075293684762,3.0828748681642564,0.0,0.0,0.0,-1.549999999999989,55.85310433921911,0,True,False,False,1764694511.8269742
229,28,-0.002202107977237967,0.011677172839061533,-0.5357142857142857,0.0,0.0,-0.005000000000000002,0.2514601844328192,-0.06165902336266307,0.32696083949372295,-15.0,0.0,0.0,-0.14000000000000004,7.040885164118937,1,False,True,False,1764694527.895701
230,62,-0.0019157029716987345,0.0039397568017165326,-0.24193548387096775,0.0,0.0,-0.005000000000000003,0.3647355823685096,-0.11877358424532154,0.244264921706425,-15.0,0.0,0.0,-0.31000000000000016,22.613606106847595,1,False,True,False,1764694594.307911
231,141,-0.001037685459155175,0.005909589239255395,-0.10638297872340426,0.0,0.0,-0.005000000000000004,0.16452935687606893,-0.14631364974087968,0.8332520827350107,-15.0,0.0,0.0,-0.7050000000000005,23.198639319525718,1,False,True,False,1764694667.4699173
232,400,-0.00182094225463525,0.004146780316861115,-0.2625,0.0,0.0,-0.004999999999999948,0.1452034983077673,-0.7283769018541,1.6587121267444458,-105.0,0.0,0.0,-1.9999999999999793,58.08139932310692,7,False,False,True,1764694754.4031703
233,20,-0.0009618309031877442,0.013254109418483711,-0.75,0.0,0.0,-0.005000000000000001,0.5447508496496896,-0.019236618063754884,0.26508218836967423,-15.0,0.0,0.0,-0.10000000000000002,10.89501699299379,1,False,True,False,1764694757.683684
234,39,-0.006016469136147222,-0.006766776456430227,-0.38461538461538464,0.0,0.0,-0.005000000000000003,0.17813672107137846,-0.23464229630974165,-0.26390428180077885,-15.0,0.0,0.0,-0.1950000000000001,6.94733212178376,1,False,True,False,1764694823.273345
235,45,-0.001495610700685339,0.005752644223195618,0.0,0.0,0.0,-0.005000000000000003,0.10942773190966461,-0.06730248153084026,0.2588689900438028,0.0,0.0,0.0,-0.22500000000000012,4.924247935934908,0,False,True,False,1764694882.0587077
236,13,-0.0010593625253876133,0.014614228231615631,0.0,0.0,0.0,-0.004999999999999999,0.2550634001438196,-0.013771712830038974,0.1899849670110032,0.0,0.0,0.0,-0.06499999999999999,3.3158242018696553,0,False,True,False,1764694922.3152301
237,6,-0.0015849165756392615,0.010036301957219718,-2.5,0.0,0.0,-0.005,0.41734400621489315,-0.00950949945383557,0.060217811743318306,-15.0,0.0,0.0,-0.030000000000000002,2.504064037289359,1,False,True,False,1764695080.929596
238,57,-0.0024914765186305355,0.0030430749139880972,0.0,0.0,0.0,-0.005000000000000003,0.13455284959060262,-0.14201416156194052,0.17345527009732153,0.0,0.0,0.0,-0.28500000000000014,7.669512426664349,0,False,True,False,1764695143.84434
239,28,-0.0005304475312740563,0.08584701713967435,0.0,0.0,0.0,-0.005000000000000002,0.01677621687343703,-0.014852530875673576,2.403716479910882,0.0,0.0,0.0,-0.14000000000000004,0.4697340724562369,0,True,False,False,1764695198.7072523
240,41,-0.0021188347997502105,0.004671838166726249,-0.36585365853658536,0.0,0.0,-0.005000000000000003,0.1406333778763811,-0.08687222678975863,0.19154536483577622,-15.0,0.0,0.0,-0.2050000000000001,5.765968492931625,1,False,True,False,1764695229.6190884
241,121,-0.0010750262230723774,0.005360048975209666,-0.12396694214876033,0.0,0.0,-0.005000000000000004,0.01433161597603383,-0.13007817299175767,0.6485659260003696,-15.0,0.0,0.0,-0.6050000000000004,1.7341255331000935,1,False,True,False,1764695302.8969584
242,29,-0.00047160186337170566,0.08448395405601009,0.0,0.0,0.0,-0.005000000000000002,0.0,-0.013676454037779465,2.4500346676242923,0.0,0.0,0.0,-0.14500000000000005,0.0,0,True,False,False,1764695343.312885
243,57,-0.0007866247738450601,0.040213671932445044,0.0,0.0,0.0,-0.005000000000000003,0.14966208941410034,-0.04483761210916842,2.2921793001493675,0.0,0.0,0.0,-0.28500000000000014,8.53073909660372,0,True,False,False,1764695407.5951557
244,151,-0.0017682537867880765,0.004231414382559124,-0.09933774834437085,0.0,0.0,-0.005000000000000004,0.21971107149365104,-0.26700632180499956,0.6389435717664278,-15.0,0.0,0.0,-0.7550000000000006,33.17637179554131,1,False,True,False,1764695482.2585073
245,11,-0.003863059788647276,0.002941960315524012,-1.3636363636363635,0.0,0.0,-0.004999999999999999,0.20589694413192694,-0.04249365767512003,0.03236156347076413,-15.0,0.0,0.0,-0.05499999999999999,2.2648663854511963,1,False,True,False,1764695523.9449441
246,285,-0.0013387736919589716,0.011119581114707207,0.0,0.0,0.0,-0.004999999999999971,0.04219661119736272,-0.3815505022083069,3.169080617691554,0.0,0.0,0.0,-1.4249999999999916,12.026034191248375,0,True,False,False,1764695628.8089945
247,248,-0.0029367316696229297,0.0022019293490193664,0.0,0.0,0.0,-0.004999999999999982,0.17087372285661845,-0.7283094540664866,0.5460784785568029,0.0,0.0,0.0,-1.2399999999999956,42.376683268441376,0,False,True,False,1764695673.262322
248,327,-0.0013634366646151502,0.01059471540467142,0.0,0.0,0.0,-0.004999999999999961,0.023169470572497335,-0.44584378932915414,3.4644719373275548,0.0,0.0,0.0,-1.6349999999999871,7.576416877206628,0,True,False,False,1764695746.5011313
249,281,-0.0009277760904941629,0.011475809049798027,0.0,0.0,0.0,-0.0049999999999999715,0.009088564667811435,-0.2607050814288598,3.2247023429932455,0.0,0.0,0.0,-1.404999999999992,2.5538866716550133,0,True,False,False,1764695904.162679
250,213,-0.0009015095278386836,0.014452261251545953,0.0,0.0,0.0,-0.004999999999999997,0.05192574771830478,-0.1920215294296396,3.0783316465792883,0.0,0.0,0.0,-1.0649999999999993,11.060184263998918,0,True,False,False,1764695954.200308
251,10,-0.0025815161579334734,0.006409525991835629,-1.5,0.0,0.0,-0.004999999999999999,0.2914378925897157,-0.025815161579334736,0.0640952599183563,-15.0,0.0,0.0,-0.049999999999999996,2.914378925897157,1,False,True,False,1764695984.6255121
252,36,-0.0014176093690983832,0.005183474986778896,0.0,0.0,0.0,-0.005000000000000002,0.07120862906657831,-0.0510339372875418,0.18660509952404025,0.0,0.0,0.0,-0.18000000000000008,2.563510646396819,0,False,True,False,1764696044.8218043
253,15,-0.002753363114323197,0.005738261527938526,-1.0,0.0,0.0,-0.005,0.4111780683857073,-0.041300446714847956,0.0860739229190779,-15.0,0.0,0.0,-0.075,6.1676710257856096,1,False,True,False,1764696098.5328686
254,70,-0.0015477797392263817,0.032222971693083725,0.0,0.0,0.0,-0.005000000000000003,1.7409597692784e-05,-0.10834458174584671,2.255608018515861,0.0,0.0,0.0,-0.3500000000000002,0.00121867183849488,0,True,False,False,1764696170.5861595
255,120,-0.0022437815393073885,0.0029841217669644743,0.0,0.0,0.0,-0.005000000000000004,0.09975919683563418,-0.2692537847168866,0.3580946120357369,0.0,0.0,0.0,-0.6000000000000004,11.971103620276102,0,False,True,False,1764696239.7679336
256,224,-0.0014885469679388626,0.0034802162093969624,0.0,0.0,0.0,-0.004999999999999991,0.07090311034331492,-0.3334345208183052,0.7795684309049196,0.0,0.0,0.0,-1.119999999999998,15.882296716902543,0,False,True,False,1764696323.0348675
257,10,-0.001689071490691807,0.005825774902319336,-1.5,0.0,0.0,-0.004999999999999999,0.490513821068051,-0.01689071490691807,0.05825774902319336,-15.0,0.0,0.0,-0.049999999999999996,4.90513821068051,1,False,True,False,1764696352.50158
258,81,-0.004035181004375271,0.0015309249435583796,-0.18518518518518517,0.0,0.0,-0.005000000000000003,0.19885895924651464,-0.3268496613543969,0.12400492042822875,-15.0,0.0,0.0,-0.40500000000000025,16.107575698967686,1,False,True,False,1764696427.0251522
259,185,-0.002074593379599191,0.003320982409618469,0.0,0.0,0.0,-0.005000000000000004,0.17547753400795937,-0.38379977522585035,0.6143817457794167,0.0,0.0,0.0,-0.9250000000000007,32.46334379147248,0,False,True,False,1764696504.4955485
260,99,-0.002111234854589398,0.0031990258131270174,0.0,0.0,0.0,-0.005000000000000004,0.21349353299328888,-0.2090122506043504,0.31670355549957474,0.0,0.0,0.0,-0.49500000000000033,21.1358597663356,0,False,True,False,1764696554.1603596
261,83,-0.0016893627103506616,0.003408235656820062,-0.18072289156626506,0.0,0.0,-0.005000000000000003,0.0373201717033018,-0.14021710495910492,0.28288355951606514,-15.0,0.0,0.0,-0.41500000000000026,3.0975742513740494,1,False,True,False,1764696710.2461374
262,35,-0.005358190065613258,-0.0020278260227811285,0.0,0.0,0.0,-0.005000000000000002,0.1367994470594618,-0.18753665229646405,-0.0709739107973395,0.0,0.0,0.0,-0.17500000000000007,4.787980647081162,0,False,True,False,1764696766.9560823
263,147,-0.0010244001922421072,0.00416728437295035,0.0,0.0,0.0,-0.005000000000000004,0.05235276296500234,-0.15058682825958974,0.6125908028237014,0.0,0.0,0.0,-0.7350000000000005,7.695856155855344,0,False,True,False,1764696845.0082357
264,281,-0.0013533862856351443,0.011225024707897303,0.0,0.0,0.0,-0.0049999999999999715,0.013432854286534205,-0.38030154626347557,3.154231942919142,0.0,0.0,0.0,-1.404999999999992,3.7746320545161116,0,True,False,False,1764696929.6991227
265,270,-0.0019869871707334074,0.0033875974254427717,0.0,0.0,0.0,-0.004999999999999975,0.11091568240679968,-0.53648653609802,0.9146513048695484,0.0,0.0,0.0,-1.3499999999999932,29.947234249835912,0,False,True,False,1764696971.7461574
266,297,-0.002236696512607146,0.009744249309715526,0.0,0.0,0.0,-0.004999999999999967,0.16772471614070011,-0.6642988642443223,2.894042044985511,0.0,0.0,0.0,-1.4849999999999903,49.81424069378794,0,True,False,False,1764697041.0661454
267,73,-0.0011360816881127555,0.0042498482414268755,-0.2054794520547945,0.0,0.0,-0.005000000000000003,0.12833338106915376,-0.08293396323223115,0.3102389216241619,-15.0,0.0,0.0,-0.3650000000000002,9.368336818048224,1,False,True,False,1764697068.3470387
268,283,-0.0020951501915819643,0.009932413292741369,0.0,0.0,0.0,-0.0049999999999999715,0.03439688023431327,-0.5929275042176959,2.8108729618458073,0.0,0.0,0.0,-1.4149999999999918,9.734317106310655,0,True,False,False,1764697166.7398925
269,6,-0.0008523062143555128,0.011099139528932175,-2.5,0.0,0.0,-0.005,0.3127105234567883,-0.005113837286133077,0.06659483717359305,-15.0,0.0,0.0,-0.030000000000000002,1.8762631407407298,1,False,True,False,1764697187.2301433
270,400,-0.00196885297288296,0.0030080142535904154,0.0,0.0,0.0,-0.004999999999999948,0.10443460089687734,-0.787541189153184,1.2032057014361661,0.0,0.0,0.0,-1.9999999999999793,41.77384035875094,0,False,False,True,1764697315.8833954
271,92,-0.0025418516078646648,0.0028471717062952926,0.0,0.0,0.0,-0.005000000000000004,0.23400541650968246,-0.23385034792354914,0.2619397969791669,0.0,0.0,0.0,-0.4600000000000003,21.528498318890787,0,False,True,False,1764697331.3050785
272,32,-0.0004894811326673735,0.06729040452169117,0.0,0.0,0.0,-0.005000000000000002,0.0,-0.01566339624535595,2.1532929446941176,0.0,0.0,0.0,-0.16000000000000006,0.0,0,True,False,False,1764697536.050399
273,72,-0.004625944479781921,-0.001107656609547983,-0.20833333333333334,0.0,0.0,-0.005000000000000003,0.19321366127336226,-0.3330680025442983,-0.07975127588745479,-15.0,0.0,0.0,-0.3600000000000002,13.911383611682082,1,False,True,False,1764697607.520144
274,17,-0.0008250495815074917,0.008158211199027383,-0.8823529411764706,0.0,0.0,-0.005,0.31364747115625463,-0.014025842885627358,0.1386895903834655,-15.0,0.0,0.0,-0.085,5.332007009656329,1,False,True,False,1764697661.0889382
275,2,-0.002230767997954127,0.006218460585344199,-7.5,0.0,0.0,-0.005,0.8074684923260855,-0.004461535995908254,0.012436921170688398,-15.0,0.0,0.0,-0.01,1.614936984652171,1,False,True,False,1764697700.999963
